# Nodes: 130 Edges: 10000
0 98 1
0 24 1
0 43 1
0 25 1
0 17 1
0 74 1
0 128 1
0 73 1
0 114 1
0 107 1
0 101 1
0 100 1
0 118 1
0 78 1
0 83 1
0 38 1
0 29 1
0 12 1
0 77 1
0 76 1
0 94 1
0 71 1
0 113 1
0 109 1
0 68 1
0 34 1
0 115 1
0 39 1
0 13 1
0 23 1
0 110 1
0 82 1
0 36 1
0 26 1
0 9 1
0 1 1
0 86 1
0 106 1
0 48 1
0 105 1
0 10 1
0 56 1
0 44 1
0 108 1
0 125 1
0 11 1
0 66 1
0 7 1
0 2 1
0 92 1
0 58 1
0 18 1
0 81 1
1 88 1
1 34 1
1 23 1
1 28 1
1 29 1
1 26 1
1 50 1
1 51 1
1 6 1
1 74 1
1 30 1
1 87 1
1 54 1
1 60 1
1 20 1
1 62 1
1 46 1
1 65 1
1 76 1
1 106 1
1 79 1
1 61 1
1 42 1
1 108 1
1 82 1
1 123 1
1 59 1
1 101 1
1 66 1
1 19 1
1 10 1
1 109 1
1 8 1
1 73 1
1 128 1
1 5 1
1 98 1
1 64 1
1 36 1
1 126 1
1 67 1
1 37 1
1 68 1
1 11 1
1 25 1
1 72 1
1 27 1
1 7 1
1 57 1
1 58 1
1 113 1
1 18 1
1 56 1
1 3 1
1 17 1
1 114 1
1 105 1
1 83 1
1 40 1
1 49 1
2 92 1
2 119 1
2 121 1
2 51 1
2 55 1
2 122 1
2 44 1
2 48 1
2 117 1
2 8 1
2 129 1
2 66 1
2 96 1
2 109 1
2 41 1
2 111 1
2 104 1
2 61 1
2 16 1
2 93 1
2 31 1
2 45 1
2 127 1
2 17 1
2 9 1
2 98 1
2 99 1
2 5 1
2 120 1
2 85 1
2 79 1
2 113 1
2 126 1
2 103 1
2 54 1
2 6 1
2 101 1
2 60 1
2 106 1
2 63 1
2 97 1
2 47 1
2 74 1
2 91 1
2 52 1
2 23 1
2 71 1
2 80 1
2 94 1
2 4 1
2 15 1
2 53 1
2 73 1
2 0 1
3 14 1
3 99 1
3 87 1
3 63 1
3 49 1
3 112 1
3 111 1
3 118 1
3 29 1
3 64 1
3 122 1
3 61 1
3 54 1
3 82 1
3 53 1
3 41 1
3 80 1
3 129 1
3 76 1
3 126 1
3 114 1
3 47 1
3 88 1
3 115 1
3 102 1
3 70 1
3 92 1
3 39 1
3 32 1
3 100 1
3 52 1
3 33 1
3 55 1
3 12 1
3 117 1
3 34 1
3 59 1
3 56 1
3 10 1
3 24 1
3 77 1
3 7 1
3 104 1
3 8 1
3 16 1
3 26 1
3 105 1
3 74 1
3 25 1
3 72 1
3 2 1
3 103 1
3 97 1
3 67 1
3 46 1
3 13 1
3 38 1
3 65 1
3 94 1
3 106 1
3 43 1
3 69 1
3 95 1
3 66 1
3 107 1
3 58 1
3 109 1
3 40 1
4 30 1
4 105 1
4 115 1
4 88 1
4 87 1
4 54 1
4 3 1
4 58 1
4 60 1
4 22 1
4 43 1
4 77 1
4 100 1
4 112 1
4 51 1
4 11 1
4 67 1
4 129 1
4 37 1
4 42 1
4 108 1
4 17 1
4 31 1
4 70 1
4 110 1
4 61 1
4 91 1
4 24 1
4 19 1
4 21 1
4 109 1
4 10 1
4 0 1
4 44 1
4 113 1
4 57 1
4 66 1
4 38 1
4 14 1
4 18 1
4 39 1
4 84 1
4 85 1
4 79 1
4 34 1
4 117 1
4 64 1
4 123 1
4 78 1
4 73 1
4 74 1
4 27 1
4 9 1
4 83 1
4 120 1
4 1 1
4 98 1
4 80 1
4 65 1
4 103 1
4 59 1
4 102 1
4 81 1
5 95 1
5 46 1
5 10 1
5 89 1
5 30 1
5 76 1
5 36 1
5 0 1
5 24 1
5 77 1
5 124 1
5 2 1
5 78 1
5 128 1
5 126 1
5 106 1
5 42 1
5 7 1
5 51 1
5 53 1
5 3 1
5 56 1
5 129 1
5 111 1
5 103 1
5 100 1
5 80 1
5 118 1
5 66 1
5 109 1
5 68 1
5 74 1
5 114 1
5 11 1
5 35 1
5 8 1
5 41 1
5 123 1
5 60 1
5 1 1
5 112 1
5 70 1
5 92 1
5 13 1
5 98 1
5 9 1
5 122 1
5 37 1
5 91 1
5 115 1
5 28 1
5 23 1
5 104 1
5 57 1
5 27 1
5 4 1
6 21 1
6 114 1
6 120 1
6 53 1
6 102 1
6 28 1
6 44 1
6 122 1
6 106 1
6 94 1
6 64 1
6 127 1
6 40 1
6 100 1
6 18 1
6 49 1
6 67 1
6 104 1
6 86 1
6 48 1
6 112 1
6 30 1
6 0 1
6 82 1
6 97 1
6 31 1
6 20 1
6 37 1
6 96 1
6 84 1
6 98 1
6 78 1
6 76 1
6 126 1
6 93 1
6 111 1
6 16 1
6 58 1
6 39 1
6 1 1
6 27 1
6 95 1
6 50 1
6 123 1
6 91 1
6 32 1
6 99 1
6 19 1
6 115 1
6 116 1
6 128 1
6 108 1
6 88 1
6 25 1
6 117 1
6 68 1
6 35 1
7 78 1
7 20 1
7 50 1
7 82 1
7 93 1
7 38 1
7 70 1
7 108 1
7 122 1
7 10 1
7 5 1
7 8 1
7 36 1
7 89 1
7 49 1
7 52 1
7 97 1
7 64 1
7 83 1
7 118 1
7 66 1
7 58 1
7 69 1
7 87 1
7 12 1
7 54 1
7 98 1
7 81 1
7 40 1
7 125 1
7 90 1
7 55 1
7 53 1
7 30 1
7 27 1
7 63 1
7 129 1
7 23 1
7 37 1
7 3 1
7 65 1
7 77 1
7 67 1
7 4 1
7 84 1
7 100 1
7 107 1
7 123 1
7 116 1
7 19 1
8 33 1
8 116 1
8 79 1
8 70 1
8 108 1
8 5 1
8 114 1
8 101 1
8 63 1
8 60 1
8 124 1
8 45 1
8 113 1
8 27 1
8 119 1
8 69 1
8 111 1
8 41 1
8 128 1
8 11 1
8 19 1
8 13 1
8 67 1
8 4 1
8 127 1
8 39 1
8 48 1
8 44 1
8 35 1
8 62 1
8 46 1
8 93 1
8 59 1
8 115 1
8 91 1
8 22 1
8 94 1
8 86 1
8 85 1
8 109 1
8 7 1
8 52 1
8 28 1
8 117 1
8 125 1
8 107 1
8 61 1
8 3 1
8 40 1
8 68 1
9 7 1
9 98 1
9 32 1
9 50 1
9 79 1
9 104 1
9 39 1
9 40 1
9 125 1
9 83 1
9 35 1
9 61 1
9 11 1
9 55 1
9 36 1
9 19 1
9 109 1
9 52 1
9 90 1
9 4 1
9 108 1
9 30 1
9 70 1
9 123 1
9 14 1
9 100 1
9 59 1
9 88 1
9 2 1
9 67 1
9 60 1
9 58 1
9 118 1
9 25 1
9 17 1
9 8 1
9 10 1
9 102 1
9 29 1
9 27 1
9 63 1
9 94 1
9 22 1
9 13 1
9 43 1
9 6 1
9 5 1
9 45 1
9 20 1
9 18 1
9 116 1
9 86 1
9 23 1
9 77 1
9 93 1
9 95 1
9 75 1
9 69 1
9 46 1
9 112 1
9 96 1
9 47 1
9 114 1
9 33 1
9 126 1
9 105 1
10 59 1
10 35 1
10 52 1
10 86 1
10 111 1
10 98 1
10 88 1
10 105 1
10 21 1
10 90 1
10 71 1
10 110 1
10 127 1
10 6 1
10 12 1
10 120 1
10 116 1
10 73 1
10 30 1
10 109 1
10 44 1
10 11 1
10 89 1
10 101 1
10 102 1
10 37 1
10 61 1
10 107 1
10 121 1
10 32 1
10 103 1
10 40 1
10 36 1
10 2 1
10 94 1
10 18 1
10 4 1
10 69 1
10 43 1
10 65 1
10 26 1
10 27 1
10 38 1
10 123 1
10 128 1
10 77 1
10 84 1
10 0 1
10 16 1
11 67 1
11 86 1
11 44 1
11 29 1
11 7 1
11 37 1
11 83 1
11 53 1
11 80 1
11 126 1
11 55 1
11 90 1
11 95 1
11 64 1
11 27 1
11 109 1
11 127 1
11 98 1
11 74 1
11 21 1
11 79 1
11 102 1
11 25 1
11 66 1
11 9 1
11 38 1
11 94 1
11 70 1
11 35 1
11 123 1
11 48 1
11 122 1
11 78 1
11 116 1
11 30 1
11 32 1
11 6 1
11 73 1
11 33 1
11 43 1
11 99 1
11 13 1
11 77 1
11 84 1
11 41 1
11 19 1
11 61 1
11 17 1
11 124 1
11 8 1
11 24 1
11 71 1
11 82 1
11 49 1
11 22 1
11 107 1
11 120 1
11 56 1
11 85 1
11 45 1
12 69 1
12 82 1
12 106 1
12 26 1
12 21 1
12 107 1
12 78 1
12 112 1
12 57 1
12 43 1
12 97 1
12 89 1
12 74 1
12 86 1
12 18 1
12 13 1
12 53 1
12 117 1
12 61 1
12 58 1
12 88 1
12 0 1
12 96 1
12 113 1
12 65 1
12 98 1
12 49 1
12 29 1
12 14 1
12 16 1
12 109 1
12 87 1
12 60 1
12 45 1
12 80 1
12 37 1
12 8 1
12 120 1
12 101 1
12 104 1
12 76 1
12 108 1
12 103 1
12 5 1
12 9 1
12 33 1
12 122 1
12 52 1
12 92 1
12 56 1
12 10 1
12 66 1
12 110 1
12 35 1
12 93 1
12 71 1
12 114 1
12 125 1
12 124 1
12 128 1
12 11 1
12 40 1
12 20 1
12 3 1
12 51 1
12 15 1
12 85 1
12 34 1
13 107 1
13 2 1
13 63 1
13 69 1
13 16 1
13 15 1
13 126 1
13 76 1
13 117 1
13 21 1
13 99 1
13 26 1
13 37 1
13 33 1
13 62 1
13 65 1
13 1 1
13 27 1
13 96 1
13 88 1
13 85 1
13 11 1
13 113 1
13 122 1
13 54 1
13 22 1
13 17 1
13 110 1
13 53 1
13 97 1
13 87 1
13 102 1
13 31 1
13 64 1
13 109 1
13 46 1
13 56 1
13 92 1
13 90 1
13 123 1
13 32 1
13 72 1
13 95 1
13 45 1
13 10 1
13 57 1
13 60 1
13 125 1
13 129 1
13 51 1
14 23 1
14 81 1
14 125 1
14 103 1
14 102 1
14 95 1
14 19 1
14 30 1
14 97 1
14 86 1
14 20 1
14 0 1
14 46 1
14 48 1
14 12 1
14 117 1
14 69 1
14 70 1
14 120 1
14 44 1
14 83 1
14 85 1
14 21 1
14 55 1
14 39 1
14 93 1
14 57 1
14 22 1
14 71 1
14 49 1
14 84 1
14 128 1
14 51 1
14 87 1
14 31 1
14 72 1
14 65 1
14 90 1
14 114 1
14 119 1
14 3 1
14 129 1
14 82 1
14 5 1
14 45 1
14 73 1
14 108 1
14 68 1
14 42 1
14 121 1
14 37 1
14 16 1
14 25 1
14 59 1
15 36 1
15 39 1
15 24 1
15 106 1
15 38 1
15 50 1
15 78 1
15 66 1
15 84 1
15 5 1
15 10 1
15 122 1
15 92 1
15 102 1
15 51 1
15 6 1
15 74 1
15 1 1
15 27 1
15 110 1
15 80 1
15 8 1
15 105 1
15 118 1
15 86 1
15 61 1
15 89 1
15 64 1
15 41 1
15 40 1
15 124 1
15 55 1
15 93 1
15 29 1
15 85 1
15 32 1
15 69 1
15 25 1
15 31 1
15 18 1
15 52 1
15 11 1
15 19 1
15 22 1
15 43 1
15 20 1
15 107 1
15 120 1
15 37 1
15 44 1
15 101 1
15 128 1
15 42 1
15 123 1
15 88 1
15 65 1
15 117 1
15 48 1
16 124 1
16 110 1
16 114 1
16 38 1
16 39 1
16 104 1
16 25 1
16 62 1
16 64 1
16 87 1
16 73 1
16 49 1
16 50 1
16 70 1
16 77 1
16 27 1
16 81 1
16 55 1
16 15 1
16 120 1
16 79 1
16 85 1
16 61 1
16 28 1
16 108 1
16 53 1
16 10 1
16 40 1
16 101 1
16 119 1
16 63 1
16 59 1
16 84 1
16 112 1
16 76 1
16 95 1
16 31 1
16 118 1
16 72 1
16 2 1
16 56 1
16 96 1
16 32 1
16 23 1
16 42 1
16 94 1
16 60 1
16 93 1
16 116 1
16 74 1
16 44 1
16 121 1
16 20 1
16 91 1
16 83 1
16 106 1
16 5 1
16 41 1
16 48 1
16 117 1
17 6 1
17 105 1
17 117 1
17 63 1
17 87 1
17 24 1
17 78 1
17 71 1
17 129 1
17 118 1
17 94 1
17 103 1
17 109 1
17 67 1
17 21 1
17 49 1
17 7 1
17 41 1
17 98 1
17 18 1
17 113 1
17 76 1
17 54 1
17 125 1
17 104 1
17 45 1
17 29 1
17 72 1
17 68 1
17 32 1
17 55 1
17 112 1
17 74 1
17 83 1
17 28 1
17 121 1
17 60 1
17 124 1
17 86 1
17 65 1
17 108 1
17 80 1
17 35 1
17 91 1
17 120 1
17 77 1
17 111 1
17 101 1
17 107 1
17 27 1
17 69 1
17 14 1
17 66 1
17 38 1
17 51 1
17 96 1
17 37 1
18 129 1
18 12 1
18 53 1
18 57 1
18 122 1
18 89 1
18 25 1
18 91 1
18 92 1
18 21 1
18 119 1
18 35 1
18 86 1
18 56 1
18 5 1
18 6 1
18 108 1
18 20 1
18 96 1
18 78 1
18 63 1
18 100 1
18 51 1
18 16 1
18 104 1
18 73 1
18 39 1
18 106 1
18 82 1
18 116 1
18 81 1
18 45 1
18 127 1
18 49 1
18 3 1
18 33 1
18 66 1
18 64 1
18 70 1
18 13 1
18 123 1
18 29 1
18 11 1
18 72 1
18 125 1
18 38 1
18 75 1
18 128 1
18 126 1
18 117 1
18 83 1
18 10 1
18 2 1
18 105 1
18 4 1
18 9 1
18 87 1
18 112 1
18 14 1
19 87 1
19 85 1
19 111 1
19 100 1
19 118 1
19 74 1
19 26 1
19 3 1
19 38 1
19 31 1
19 35 1
19 122 1
19 17 1
19 89 1
19 37 1
19 51 1
19 108 1
19 60 1
19 64 1
19 54 1
19 52 1
19 56 1
19 117 1
19 115 1
19 119 1
19 30 1
19 124 1
19 50 1
19 12 1
19 98 1
19 120 1
19 109 1
19 43 1
19 88 1
19 11 1
19 40 1
19 110 1
19 113 1
19 97 1
19 91 1
19 1 1
19 65 1
19 5 1
19 15 1
19 55 1
19 69 1
19 99 1
19 27 1
19 21 1
19 77 1
19 68 1
19 93 1
19 126 1
19 58 1
19 78 1
19 66 1
19 63 1
19 22 1
19 70 1
19 92 1
19 129 1
19 94 1
19 36 1
20 128 1
20 122 1
20 36 1
20 78 1
20 73 1
20 86 1
20 40 1
20 93 1
20 29 1
20 126 1
20 43 1
20 24 1
20 80 1
20 23 1
20 25 1
20 10 1
20 98 1
20 79 1
20 31 1
20 96 1
20 116 1
20 39 1
20 103 1
20 70 1
20 113 1
20 75 1
20 121 1
20 65 1
20 21 1
20 13 1
20 120 1
20 38 1
20 108 1
20 81 1
20 102 1
20 7 1
20 2 1
20 28 1
20 8 1
20 56 1
20 6 1
20 34 1
20 105 1
20 89 1
20 26 1
20 68 1
20 123 1
20 61 1
20 15 1
20 42 1
20 76 1
20 87 1
20 99 1
20 104 1
20 124 1
20 117 1
20 46 1
20 67 1
20 111 1
20 49 1
21 24 1
21 126 1
21 2 1
21 121 1
21 40 1
21 20 1
21 78 1
21 37 1
21 119 1
21 27 1
21 0 1
21 1 1
21 55 1
21 59 1
21 76 1
21 122 1
21 102 1
21 47 1
21 86 1
21 12 1
21 64 1
21 17 1
21 49 1
21 109 1
21 31 1
21 54 1
21 127 1
21 118 1
21 96 1
21 56 1
21 19 1
21 53 1
21 103 1
21 101 1
21 7 1
21 61 1
21 117 1
21 10 1
21 44 1
21 29 1
21 79 1
21 91 1
21 81 1
21 110 1
21 112 1
21 104 1
21 15 1
21 123 1
21 98 1
21 41 1
21 75 1
21 89 1
21 32 1
21 80 1
21 4 1
21 95 1
21 45 1
21 11 1
21 67 1
21 88 1
21 99 1
21 83 1
22 128 1
22 45 1
22 6 1
22 104 1
22 124 1
22 125 1
22 115 1
22 72 1
22 83 1
22 43 1
22 18 1
22 100 1
22 61 1
22 57 1
22 51 1
22 109 1
22 26 1
22 62 1
22 0 1
22 30 1
22 20 1
22 77 1
22 16 1
22 44 1
22 54 1
22 66 1
22 129 1
22 2 1
22 56 1
22 55 1
22 21 1
22 92 1
22 60 1
22 91 1
22 38 1
22 9 1
22 14 1
22 108 1
22 81 1
22 80 1
22 105 1
22 114 1
22 110 1
22 119 1
22 1 1
22 48 1
22 59 1
22 24 1
22 120 1
22 65 1
22 11 1
22 126 1
22 88 1
22 13 1
22 101 1
23 80 1
23 126 1
23 0 1
23 94 1
23 54 1
23 5 1
23 102 1
23 64 1
23 25 1
23 81 1
23 26 1
23 40 1
23 124 1
23 108 1
23 30 1
23 39 1
23 4 1
23 115 1
23 10 1
23 78 1
23 8 1
23 95 1
23 106 1
23 16 1
23 3 1
23 118 1
23 129 1
23 120 1
23 33 1
23 73 1
23 14 1
23 109 1
23 61 1
23 66 1
23 96 1
23 31 1
23 112 1
23 9 1
23 49 1
23 44 1
23 48 1
23 89 1
23 76 1
23 103 1
23 2 1
23 53 1
23 47 1
23 43 1
23 71 1
23 65 1
24 122 1
24 84 1
24 4 1
24 68 1
24 51 1
24 63 1
24 33 1
24 39 1
24 121 1
24 48 1
24 3 1
24 11 1
24 56 1
24 124 1
24 54 1
24 82 1
24 57 1
24 125 1
24 76 1
24 92 1
24 117 1
24 120 1
24 73 1
24 58 1
24 13 1
24 72 1
24 44 1
24 16 1
24 70 1
24 17 1
24 118 1
24 45 1
24 101 1
24 123 1
24 8 1
24 14 1
24 110 1
24 29 1
24 65 1
24 66 1
24 91 1
24 109 1
24 18 1
24 106 1
24 2 1
25 99 1
25 60 1
25 121 1
25 29 1
25 47 1
25 83 1
25 53 1
25 56 1
25 41 1
25 52 1
25 9 1
25 112 1
25 24 1
25 102 1
25 119 1
25 0 1
25 48 1
25 72 1
25 75 1
25 84 1
25 118 1
25 65 1
25 54 1
25 7 1
25 92 1
25 79 1
25 63 1
25 96 1
25 22 1
25 42 1
25 124 1
25 97 1
25 80 1
25 27 1
25 114 1
25 35 1
25 50 1
25 120 1
25 61 1
25 64 1
25 14 1
25 126 1
25 82 1
25 68 1
25 103 1
25 13 1
25 36 1
25 21 1
25 125 1
25 90 1
25 55 1
25 108 1
25 10 1
25 3 1
25 85 1
25 110 1
25 32 1
25 116 1
25 38 1
25 81 1
25 107 1
25 17 1
25 40 1
25 78 1
26 55 1
26 78 1
26 38 1
26 7 1
26 1 1
26 86 1
26 67 1
26 62 1
26 105 1
26 88 1
26 85 1
26 79 1
26 28 1
26 72 1
26 118 1
26 76 1
26 74 1
26 90 1
26 99 1
26 69 1
26 13 1
26 70 1
26 119 1
26 65 1
26 95 1
26 120 1
26 51 1
26 57 1
26 31 1
26 113 1
26 111 1
26 77 1
26 115 1
26 41 1
26 60 1
26 54 1
26 102 1
26 97 1
26 53 1
26 80 1
26 59 1
26 56 1
26 87 1
26 11 1
26 63 1
26 108 1
26 64 1
26 114 1
26 117 1
26 43 1
26 18 1
26 107 1
26 71 1
26 81 1
26 68 1
26 27 1
26 48 1
26 58 1
26 129 1
26 104 1
26 89 1
26 39 1
26 127 1
26 15 1
26 10 1
27 34 1
27 115 1
27 89 1
27 100 1
27 99 1
27 82 1
27 62 1
27 22 1
27 70 1
27 128 1
27 52 1
27 49 1
27 23 1
27 29 1
27 63 1
27 90 1
27 117 1
27 86 1
27 77 1
27 75 1
27 32 1
27 116 1
27 113 1
27 74 1
27 10 1
27 56 1
27 98 1
27 125 1
27 21 1
27 73 1
27 72 1
27 48 1
27 80 1
27 71 1
27 36 1
27 33 1
27 95 1
27 105 1
27 107 1
27 31 1
27 68 1
27 20 1
27 64 1
27 92 1
27 30 1
27 13 1
27 24 1
27 47 1
27 120 1
27 94 1
27 79 1
27 127 1
27 51 1
27 109 1
27 84 1
27 14 1
27 42 1
28 39 1
28 97 1
28 106 1
28 87 1
28 47 1
28 10 1
28 25 1
28 4 1
28 22 1
28 20 1
28 91 1
28 49 1
28 55 1
28 84 1
28 77 1
28 110 1
28 85 1
28 13 1
28 63 1
28 40 1
28 105 1
28 36 1
28 72 1
28 24 1
28 2 1
28 88 1
28 116 1
28 44 1
28 119 1
28 107 1
28 112 1
28 69 1
28 89 1
28 66 1
28 9 1
28 73 1
28 11 1
28 16 1
28 104 1
28 81 1
28 93 1
28 50 1
28 60 1
28 86 1
28 78 1
28 65 1
28 125 1
28 98 1
28 118 1
28 37 1
28 15 1
28 0 1
28 102 1
28 12 1
28 35 1
28 32 1
29 86 1
29 63 1
29 66 1
29 69 1
29 22 1
29 88 1
29 5 1
29 76 1
29 106 1
29 90 1
29 82 1
29 108 1
29 111 1
29 6 1
29 33 1
29 121 1
29 10 1
29 85 1
29 97 1
29 102 1
29 53 1
29 11 1
29 35 1
29 4 1
29 105 1
29 93 1
29 73 1
29 120 1
29 81 1
29 2 1
29 113 1
29 79 1
29 91 1
29 74 1
29 36 1
29 45 1
29 83 1
29 24 1
29 57 1
29 37 1
29 44 1
29 110 1
29 70 1
29 1 1
29 23 1
29 71 1
29 41 1
30 128 1
30 115 1
30 8 1
30 0 1
30 52 1
30 91 1
30 95 1
30 126 1
30 104 1
30 11 1
30 39 1
30 87 1
30 72 1
30 103 1
30 82 1
30 74 1
30 60 1
30 3 1
30 63 1
30 109 1
30 117 1
30 50 1
30 35 1
30 73 1
30 43 1
30 55 1
30 36 1
30 46 1
30 17 1
30 83 1
30 88 1
30 5 1
30 31 1
30 100 1
30 89 1
30 6 1
30 113 1
30 12 1
30 93 1
30 18 1
30 114 1
30 10 1
30 33 1
30 15 1
30 86 1
30 28 1
30 118 1
30 99 1
30 77 1
30 14 1
30 42 1
30 58 1
30 129 1
30 79 1
30 102 1
30 41 1
30 16 1
30 45 1
31 65 1
31 20 1
31 69 1
31 22 1
31 47 1
31 89 1
31 39 1
31 99 1
31 35 1
31 94 1
31 128 1
31 3 1
31 59 1
31 78 1
31 61 1
31 123 1
31 86 1
31 26 1
31 62 1
31 93 1
31 122 1
31 60 1
31 33 1
31 113 1
31 118 1
31 50 1
31 36 1
31 107 1
31 109 1
31 6 1
31 95 1
31 46 1
31 119 1
31 30 1
31 96 1
31 53 1
31 79 1
31 11 1
31 9 1
31 115 1
31 111 1
31 32 1
31 4 1
31 97 1
31 52 1
31 17 1
31 10 1
31 116 1
31 41 1
31 24 1
31 55 1
31 58 1
31 112 1
31 84 1
31 120 1
31 40 1
31 2 1
31 66 1
31 106 1
31 23 1
32 40 1
32 7 1
32 78 1
32 96 1
32 102 1
32 124 1
32 128 1
32 14 1
32 20 1
32 55 1
32 93 1
32 127 1
32 31 1
32 116 1
32 122 1
32 83 1
32 123 1
32 115 1
32 98 1
32 99 1
32 113 1
32 120 1
32 25 1
32 126 1
32 103 1
32 38 1
32 62 1
32 80 1
32 18 1
32 19 1
32 117 1
32 36 1
32 51 1
32 109 1
32 16 1
32 108 1
32 111 1
32 59 1
32 42 1
32 52 1
32 125 1
32 91 1
32 84 1
32 68 1
32 41 1
32 92 1
32 94 1
32 81 1
32 129 1
33 22 1
33 128 1
33 63 1
33 16 1
33 92 1
33 123 1
33 23 1
33 110 1
33 96 1
33 15 1
33 72 1
33 35 1
33 39 1
33 40 1
33 57 1
33 17 1
33 126 1
33 21 1
33 65 1
33 82 1
33 51 1
33 52 1
33 20 1
33 32 1
33 115 1
33 43 1
33 71 1
33 61 1
33 67 1
33 62 1
33 111 1
33 27 1
33 101 1
33 119 1
33 0 1
33 74 1
33 105 1
33 46 1
33 83 1
33 94 1
33 109 1
33 98 1
33 121 1
33 14 1
33 91 1
33 24 1
33 79 1
33 25 1
33 38 1
33 53 1
33 124 1
33 8 1
33 26 1
33 28 1
33 10 1
33 108 1
33 69 1
33 18 1
33 42 1
33 99 1
33 31 1
33 54 1
33 4 1
33 106 1
34 92 1
34 13 1
34 113 1
34 111 1
34 110 1
34 11 1
34 70 1
34 18 1
34 98 1
34 75 1
34 50 1
34 20 1
34 118 1
34 64 1
34 30 1
34 25 1
34 95 1
34 38 1
34 68 1
34 69 1
34 104 1
34 5 1
34 79 1
34 120 1
34 91 1
34 93 1
34 59 1
34 82 1
34 39 1
34 108 1
34 116 1
34 122 1
34 57 1
34 129 1
34 9 1
34 29 1
34 121 1
34 3 1
34 117 1
34 51 1
34 85 1
34 72 1
34 21 1
34 23 1
34 109 1
34 103 1
34 10 1
34 100 1
34 78 1
34 83 1
34 94 1
34 107 1
34 32 1
34 73 1
34 67 1
34 36 1
34 2 1
34 19 1
34 17 1
34 27 1
34 4 1
34 41 1
34 60 1
34 15 1
34 87 1
34 33 1
34 24 1
34 58 1
35 14 1
35 88 1
35 2 1
35 7 1
35 47 1
35 79 1
35 20 1
35 23 1
35 103 1
35 125 1
35 45 1
35 121 1
35 92 1
35 37 1
35 115 1
35 12 1
35 33 1
35 116 1
35 76 1
35 126 1
35 53 1
35 78 1
35 4 1
35 128 1
35 112 1
35 73 1
35 26 1
35 52 1
35 107 1
35 43 1
35 15 1
35 8 1
35 69 1
35 117 1
35 86 1
35 19 1
35 41 1
35 104 1
35 71 1
35 17 1
35 24 1
35 100 1
35 94 1
35 82 1
35 39 1
35 85 1
35 50 1
35 44 1
35 68 1
35 51 1
35 38 1
35 40 1
35 30 1
35 91 1
35 98 1
35 58 1
35 120 1
35 114 1
35 54 1
35 29 1
35 63 1
35 90 1
35 74 1
36 87 1
36 107 1
36 109 1
36 52 1
36 116 1
36 118 1
36 110 1
36 123 1
36 25 1
36 96 1
36 2 1
36 71 1
36 45 1
36 121 1
36 101 1
36 53 1
36 23 1
36 51 1
36 89 1
36 94 1
36 83 1
36 4 1
36 88 1
36 64 1
36 76 1
36 73 1
36 21 1
36 74 1
36 40 1
36 99 1
36 61 1
36 114 1
36 62 1
36 10 1
36 57 1
36 47 1
36 18 1
36 11 1
36 59 1
36 32 1
36 82 1
36 0 1
36 41 1
36 105 1
36 66 1
36 3 1
36 102 1
36 33 1
36 43 1
36 92 1
36 19 1
36 112 1
36 78 1
36 7 1
36 31 1
36 27 1
36 100 1
36 80 1
36 86 1
37 48 1
37 90 1
37 6 1
37 120 1
37 5 1
37 69 1
37 118 1
37 7 1
37 41 1
37 102 1
37 20 1
37 112 1
37 74 1
37 121 1
37 67 1
37 44 1
37 111 1
37 83 1
37 129 1
37 0 1
37 52 1
37 122 1
37 46 1
37 92 1
37 105 1
37 79 1
37 127 1
37 70 1
37 87 1
37 95 1
37 13 1
37 54 1
37 9 1
37 15 1
37 4 1
37 81 1
37 113 1
37 117 1
37 101 1
37 97 1
37 21 1
37 40 1
37 86 1
37 106 1
37 30 1
37 88 1
37 66 1
38 41 1
38 6 1
38 116 1
38 103 1
38 62 1
38 52 1
38 101 1
38 85 1
38 104 1
38 22 1
38 66 1
38 13 1
38 44 1
38 97 1
38 100 1
38 61 1
38 11 1
38 90 1
38 114 1
38 79 1
38 49 1
38 33 1
38 20 1
38 80 1
38 68 1
38 65 1
38 72 1
38 127 1
38 64 1
38 96 1
38 75 1
38 59 1
38 71 1
38 119 1
38 45 1
38 105 1
38 107 1
38 17 1
38 73 1
38 81 1
38 35 1
38 56 1
38 0 1
38 25 1
38 87 1
38 99 1
38 120 1
38 50 1
38 1 1
38 86 1
38 122 1
38 92 1
38 55 1
38 43 1
38 32 1
38 29 1
38 123 1
38 30 1
38 40 1
38 89 1
38 115 1
38 83 1
38 77 1
39 121 1
39 44 1
39 7 1
39 103 1
39 128 1
39 51 1
39 4 1
39 37 1
39 115 1
39 120 1
39 74 1
39 77 1
39 59 1
39 53 1
39 117 1
39 112 1
39 46 1
39 64 1
39 50 1
39 80 1
39 56 1
39 95 1
39 106 1
39 123 1
39 31 1
39 113 1
39 43 1
39 58 1
39 97 1
39 101 1
39 93 1
39 65 1
39 114 1
39 105 1
39 18 1
39 88 1
39 2 1
39 22 1
39 14 1
39 108 1
39 125 1
39 99 1
39 54 1
39 40 1
39 91 1
39 42 1
39 20 1
39 17 1
39 1 1
40 110 1
40 83 1
40 113 1
40 118 1
40 23 1
40 32 1
40 77 1
40 38 1
40 59 1
40 60 1
40 35 1
40 16 1
40 129 1
40 68 1
40 108 1
40 3 1
40 2 1
40 20 1
40 51 1
40 9 1
40 54 1
40 89 1
40 43 1
40 111 1
40 1 1
40 74 1
40 122 1
40 13 1
40 103 1
40 104 1
40 50 1
40 76 1
40 66 1
40 88 1
40 86 1
40 75 1
40 125 1
40 67 1
40 33 1
40 72 1
40 73 1
40 46 1
40 106 1
40 98 1
40 63 1
40 85 1
40 105 1
40 100 1
40 10 1
40 92 1
40 8 1
40 90 1
40 30 1
40 24 1
40 127 1
40 18 1
40 81 1
40 26 1
40 58 1
41 102 1
41 28 1
41 11 1
41 126 1
41 0 1
41 18 1
41 26 1
41 89 1
41 100 1
41 58 1
41 78 1
41 22 1
41 33 1
41 121 1
41 54 1
41 122 1
41 68 1
41 115 1
41 108 1
41 29 1
41 95 1
41 10 1
41 61 1
41 5 1
41 71 1
41 16 1
41 103 1
41 48 1
41 34 1
41 64 1
41 87 1
41 69 1
41 117 1
41 70 1
41 31 1
41 21 1
41 109 1
41 8 1
41 46 1
41 14 1
41 127 1
41 40 1
41 124 1
41 4 1
41 128 1
41 25 1
41 80 1
41 30 1
41 13 1
41 119 1
41 118 1
41 85 1
41 67 1
41 7 1
42 33 1
42 62 1
42 15 1
42 44 1
42 76 1
42 18 1
42 3 1
42 74 1
42 51 1
42 57 1
42 86 1
42 108 1
42 8 1
42 39 1
42 30 1
42 45 1
42 52 1
42 40 1
42 50 1
42 101 1
42 104 1
42 72 1
42 64 1
42 127 1
42 60 1
42 37 1
42 10 1
42 126 1
42 84 1
42 129 1
42 2 1
42 75 1
42 85 1
42 53 1
42 100 1
42 92 1
42 106 1
42 28 1
42 113 1
42 124 1
42 66 1
42 68 1
42 58 1
42 7 1
42 83 1
42 114 1
42 55 1
42 81 1
42 105 1
42 97 1
42 14 1
42 56 1
42 35 1
42 89 1
43 24 1
43 49 1
43 20 1
43 128 1
43 7 1
43 22 1
43 105 1
43 74 1
43 78 1
43 125 1
43 88 1
43 103 1
43 104 1
43 54 1
43 91 1
43 82 1
43 63 1
43 14 1
43 113 1
43 5 1
43 93 1
43 44 1
43 59 1
43 96 1
43 8 1
43 39 1
43 75 1
43 21 1
43 87 1
43 97 1
43 73 1
43 100 1
43 36 1
43 95 1
43 61 1
43 118 1
43 108 1
43 90 1
43 122 1
43 70 1
43 127 1
43 6 1
43 98 1
43 48 1
43 62 1
43 0 1
43 58 1
43 99 1
43 52 1
43 9 1
43 94 1
43 126 1
43 85 1
43 10 1
44 103 1
44 66 1
44 6 1
44 96 1
44 13 1
44 76 1
44 100 1
44 107 1
44 91 1
44 65 1
44 106 1
44 70 1
44 5 1
44 75 1
44 69 1
44 110 1
44 62 1
44 38 1
44 89 1
44 121 1
44 18 1
44 4 1
44 15 1
44 127 1
44 74 1
44 64 1
44 17 1
44 49 1
44 129 1
44 124 1
44 104 1
44 16 1
44 111 1
44 1 1
44 20 1
44 7 1
44 34 1
44 125 1
44 78 1
44 114 1
44 21 1
44 30 1
44 51 1
44 88 1
44 25 1
44 58 1
44 123 1
44 47 1
44 54 1
44 73 1
44 90 1
44 35 1
45 83 1
45 39 1
45 75 1
45 85 1
45 41 1
45 16 1
45 68 1
45 65 1
45 17 1
45 13 1
45 7 1
45 72 1
45 91 1
45 38 1
45 5 1
45 32 1
45 103 1
45 115 1
45 8 1
45 97 1
45 87 1
45 63 1
45 28 1
45 59 1
45 120 1
45 106 1
45 126 1
45 24 1
45 121 1
45 62 1
45 95 1
45 79 1
45 100 1
45 60 1
45 21 1
45 124 1
45 57 1
45 82 1
45 102 1
45 70 1
45 37 1
45 9 1
45 42 1
45 46 1
45 74 1
45 112 1
45 113 1
45 47 1
45 88 1
45 4 1
45 86 1
45 33 1
45 118 1
45 67 1
45 108 1
45 111 1
45 71 1
45 6 1
45 90 1
45 50 1
45 20 1
46 100 1
46 61 1
46 77 1
46 40 1
46 37 1
46 59 1
46 114 1
46 30 1
46 52 1
46 120 1
46 126 1
46 117 1
46 107 1
46 56 1
46 98 1
46 53 1
46 34 1
46 85 1
46 109 1
46 90 1
46 102 1
46 3 1
46 23 1
46 24 1
46 111 1
46 127 1
46 18 1
46 123 1
46 12 1
46 44 1
46 63 1
46 75 1
46 0 1
46 27 1
46 93 1
46 106 1
46 14 1
46 43 1
46 38 1
46 45 1
46 47 1
46 103 1
46 82 1
46 20 1
46 83 1
46 6 1
46 15 1
46 33 1
46 80 1
46 125 1
46 11 1
46 97 1
46 92 1
46 91 1
46 73 1
46 60 1
46 87 1
47 80 1
47 111 1
47 30 1
47 43 1
47 116 1
47 48 1
47 63 1
47 49 1
47 27 1
47 120 1
47 67 1
47 97 1
47 85 1
47 23 1
47 106 1
47 6 1
47 108 1
47 95 1
47 17 1
47 41 1
47 94 1
47 92 1
47 109 1
47 65 1
47 40 1
47 59 1
47 55 1
47 123 1
47 25 1
47 76 1
47 103 1
47 86 1
47 122 1
47 60 1
47 44 1
47 114 1
47 119 1
47 82 1
47 125 1
47 35 1
47 121 1
47 72 1
47 107 1
47 4 1
47 38 1
47 1 1
47 32 1
47 61 1
47 46 1
47 13 1
47 79 1
47 73 1
47 64 1
47 10 1
47 34 1
47 37 1
47 31 1
47 16 1
47 104 1
47 28 1
47 57 1
47 0 1
47 117 1
47 105 1
47 129 1
47 102 1
47 20 1
47 24 1
48 27 1
48 95 1
48 63 1
48 121 1
48 39 1
48 111 1
48 129 1
48 122 1
48 58 1
48 47 1
48 33 1
48 71 1
48 53 1
48 4 1
48 81 1
48 128 1
48 97 1
48 124 1
48 67 1
48 42 1
48 105 1
48 113 1
48 56 1
48 73 1
48 54 1
48 106 1
48 8 1
48 109 1
48 77 1
48 2 1
48 52 1
48 78 1
48 15 1
48 35 1
48 103 1
48 7 1
48 102 1
48 90 1
48 66 1
48 72 1
48 88 1
48 13 1
48 79 1
48 68 1
48 91 1
48 99 1
48 19 1
48 25 1
48 23 1
48 21 1
48 118 1
48 57 1
48 112 1
48 24 1
48 104 1
48 92 1
48 123 1
48 40 1
48 64 1
48 38 1
48 55 1
48 30 1
48 16 1
49 120 1
49 97 1
49 107 1
49 55 1
49 110 1
49 3 1
49 75 1
49 13 1
49 63 1
49 16 1
49 53 1
49 7 1
49 77 1
49 114 1
49 122 1
49 36 1
49 70 1
49 18 1
49 79 1
49 81 1
49 17 1
49 43 1
49 5 1
49 27 1
49 82 1
49 121 1
49 116 1
49 88 1
49 92 1
49 67 1
49 100 1
49 8 1
49 34 1
49 28 1
49 66 1
49 87 1
49 78 1
49 22 1
49 56 1
49 127 1
49 31 1
49 118 1
49 4 1
49 93 1
49 115 1
49 14 1
49 84 1
49 41 1
49 52 1
49 47 1
49 40 1
49 108 1
49 33 1
49 48 1
49 98 1
50 46 1
50 79 1
50 18 1
50 47 1
50 100 1
50 73 1
50 20 1
50 72 1
50 119 1
50 61 1
50 31 1
50 24 1
50 51 1
50 7 1
50 34 1
50 65 1
50 108 1
50 102 1
50 124 1
50 19 1
50 35 1
50 126 1
50 9 1
50 109 1
50 22 1
50 77 1
50 89 1
50 48 1
50 0 1
50 82 1
50 41 1
50 3 1
50 81 1
50 93 1
50 107 1
50 58 1
50 71 1
50 86 1
50 49 1
50 104 1
50 44 1
50 43 1
50 127 1
50 117 1
50 96 1
50 1 1
50 27 1
50 23 1
50 94 1
50 14 1
50 67 1
50 80 1
50 121 1
50 40 1
50 11 1
50 2 1
50 6 1
50 76 1
50 88 1
50 91 1
50 110 1
51 1 1
51 58 1
51 61 1
51 57 1
51 103 1
51 2 1
51 72 1
51 47 1
51 104 1
51 43 1
51 107 1
51 88 1
51 30 1
51 75 1
51 64 1
51 7 1
51 95 1
51 124 1
51 127 1
51 89 1
51 71 1
51 48 1
51 66 1
51 52 1
51 40 1
51 59 1
51 76 1
51 22 1
51 122 1
51 106 1
51 82 1
51 14 1
51 39 1
51 26 1
51 56 1
51 119 1
51 80 1
51 63 1
51 117 1
51 42 1
51 97 1
51 78 1
51 55 1
51 60 1
51 10 1
51 113 1
51 118 1
51 23 1
51 120 1
51 44 1
51 16 1
51 98 1
51 37 1
51 67 1
51 8 1
52 84 1
52 5 1
52 9 1
52 38 1
52 28 1
52 26 1
52 39 1
52 59 1
52 103 1
52 74 1
52 86 1
52 11 1
52 129 1
52 61 1
52 25 1
52 77 1
52 44 1
52 47 1
52 4 1
52 120 1
52 111 1
52 48 1
52 62 1
52 32 1
52 110 1
52 40 1
52 66 1
52 2 1
52 112 1
52 104 1
52 115 1
52 55 1
52 99 1
52 6 1
52 24 1
52 15 1
52 17 1
52 54 1
52 89 1
52 37 1
52 67 1
52 96 1
52 0 1
52 117 1
52 88 1
52 12 1
52 118 1
52 116 1
52 23 1
52 65 1
52 68 1
52 14 1
52 128 1
52 109 1
52 98 1
52 125 1
52 91 1
52 108 1
52 29 1
52 71 1
52 105 1
52 113 1
52 81 1
52 34 1
52 94 1
53 125 1
53 18 1
53 100 1
53 119 1
53 54 1
53 68 1
53 12 1
53 1 1
53 19 1
53 70 1
53 28 1
53 82 1
53 65 1
53 104 1
53 98 1
53 120 1
53 112 1
53 0 1
53 2 1
53 118 1
53 40 1
53 107 1
53 69 1
53 41 1
53 20 1
53 52 1
53 124 1
53 113 1
53 90 1
53 47 1
53 109 1
53 67 1
53 66 1
53 85 1
53 3 1
53 59 1
53 43 1
53 16 1
53 26 1
53 24 1
53 6 1
53 96 1
53 106 1
53 103 1
53 50 1
53 123 1
53 58 1
53 92 1
53 115 1
53 102 1
53 81 1
53 45 1
53 79 1
53 8 1
53 99 1
53 60 1
53 83 1
53 9 1
53 91 1
53 74 1
53 49 1
53 10 1
53 34 1
53 76 1
54 81 1
54 49 1
54 107 1
54 15 1
54 110 1
54 12 1
54 87 1
54 26 1
54 50 1
54 60 1
54 38 1
54 47 1
54 90 1
54 57 1
54 108 1
54 46 1
54 109 1
54 6 1
54 20 1
54 69 1
54 84 1
54 80 1
54 34 1
54 124 1
54 63 1
54 82 1
54 55 1
54 72 1
54 43 1
54 42 1
54 103 1
54 48 1
54 31 1
54 118 1
54 51 1
54 95 1
54 100 1
54 13 1
54 17 1
54 30 1
54 96 1
54 61 1
54 39 1
54 88 1
54 114 1
54 36 1
54 75 1
54 3 1
54 22 1
54 89 1
54 125 1
54 67 1
54 126 1
54 14 1
54 52 1
54 106 1
54 45 1
55 98 1
55 97 1
55 0 1
55 41 1
55 60 1
55 108 1
55 23 1
55 73 1
55 99 1
55 110 1
55 64 1
55 39 1
55 20 1
55 84 1
55 86 1
55 118 1
55 100 1
55 101 1
55 26 1
55 111 1
55 93 1
55 24 1
55 47 1
55 44 1
55 119 1
55 33 1
55 90 1
55 129 1
55 112 1
55 10 1
55 4 1
55 19 1
55 94 1
55 85 1
55 77 1
55 51 1
55 69 1
55 2 1
55 31 1
55 126 1
55 58 1
55 80 1
55 103 1
55 27 1
55 87 1
55 45 1
55 46 1
55 92 1
55 43 1
55 42 1
55 66 1
55 36 1
55 53 1
55 67 1
55 107 1
55 29 1
55 71 1
55 34 1
55 78 1
55 11 1
55 72 1
56 103 1
56 13 1
56 90 1
56 62 1
56 38 1
56 12 1
56 10 1
56 29 1
56 77 1
56 69 1
56 68 1
56 21 1
56 76 1
56 91 1
56 99 1
56 128 1
56 27 1
56 127 1
56 9 1
56 129 1
56 65 1
56 95 1
56 25 1
56 40 1
56 114 1
56 42 1
56 82 1
56 94 1
56 108 1
56 5 1
56 47 1
56 79 1
56 121 1
56 1 1
56 86 1
56 80 1
56 107 1
56 3 1
56 46 1
56 54 1
56 81 1
56 92 1
56 39 1
56 110 1
56 120 1
56 53 1
56 73 1
56 71 1
56 119 1
57 48 1
57 36 1
57 50 1
57 55 1
57 91 1
57 96 1
57 124 1
57 85 1
57 115 1
57 39 1
57 32 1
57 16 1
57 87 1
57 37 1
57 60 1
57 79 1
57 74 1
57 99 1
57 80 1
57 14 1
57 28 1
57 38 1
57 53 1
57 110 1
57 67 1
57 105 1
57 13 1
57 76 1
57 22 1
57 90 1
57 31 1
57 100 1
57 64 1
57 82 1
57 9 1
57 69 1
57 71 1
57 21 1
57 126 1
57 121 1
57 108 1
57 118 1
57 58 1
57 68 1
57 89 1
57 33 1
57 112 1
57 44 1
57 10 1
57 3 1
57 117 1
57 35 1
57 109 1
57 84 1
57 12 1
57 1 1
57 15 1
57 119 1
57 98 1
58 13 1
58 107 1
58 51 1
58 85 1
58 11 1
58 78 1
58 84 1
58 2 1
58 129 1
58 70 1
58 50 1
58 108 1
58 79 1
58 65 1
58 18 1
58 60 1
58 35 1
58 3 1
58 76 1
58 6 1
58 121 1
58 40 1
58 72 1
58 83 1
58 44 1
58 117 1
58 62 1
58 119 1
58 22 1
58 38 1
58 73 1
58 34 1
58 93 1
58 0 1
58 102 1
58 69 1
58 118 1
58 12 1
58 29 1
58 88 1
58 39 1
58 75 1
58 74 1
58 16 1
58 105 1
58 98 1
58 66 1
58 87 1
58 41 1
58 1 1
58 111 1
58 30 1
58 82 1
58 36 1
58 113 1
59 8 1
59 113 1
59 71 1
59 68 1
59 69 1
59 44 1
59 12 1
59 104 1
59 73 1
59 83 1
59 123 1
59 79 1
59 5 1
59 24 1
59 40 1
59 53 1
59 1 1
59 129 1
59 16 1
59 58 1
59 52 1
59 23 1
59 120 1
59 0 1
59 72 1
59 4 1
59 105 1
59 65 1
59 95 1
59 97 1
59 88 1
59 103 1
59 85 1
59 78 1
59 98 1
59 55 1
59 66 1
59 108 1
59 127 1
59 33 1
59 100 1
59 126 1
59 74 1
59 22 1
59 45 1
59 82 1
59 7 1
59 80 1
59 76 1
59 118 1
59 34 1
59 60 1
59 6 1
59 48 1
59 57 1
60 59 1
60 38 1
60 113 1
60 116 1
60 100 1
60 47 1
60 104 1
60 21 1
60 49 1
60 23 1
60 124 1
60 70 1
60 95 1
60 71 1
60 9 1
60 84 1
60 46 1
60 67 1
60 106 1
60 64 1
60 72 1
60 24 1
60 57 1
60 110 1
60 11 1
60 36 1
60 122 1
60 6 1
60 65 1
60 78 1
60 42 1
60 87 1
60 31 1
60 32 1
60 85 1
60 26 1
60 96 1
60 33 1
60 80 1
60 103 1
60 41 1
60 35 1
60 118 1
60 15 1
60 94 1
60 56 1
60 99 1
60 66 1
60 107 1
60 18 1
60 98 1
60 81 1
60 125 1
60 53 1
60 123 1
61 26 1
61 16 1
61 35 1
61 57 1
61 12 1
61 92 1
61 86 1
61 62 1
61 71 1
61 112 1
61 20 1
61 68 1
61 14 1
61 37 1
61 123 1
61 90 1
61 59 1
61 36 1
61 49 1
61 113 1
61 72 1
61 5 1
61 69 1
61 58 1
61 48 1
61 91 1
61 80 1
61 50 1
61 46 1
61 13 1
61 126 1
61 29 1
61 95 1
61 76 1
61 42 1
61 7 1
61 54 1
61 122 1
61 108 1
61 99 1
61 87 1
61 98 1
61 31 1
61 70 1
61 88 1
61 15 1
61 77 1
61 81 1
61 65 1
61 74 1
61 45 1
61 56 1
61 125 1
61 121 1
61 8 1
61 6 1
61 109 1
61 100 1
61 128 1
61 3 1
62 53 1
62 59 1
62 19 1
62 33 1
62 16 1
62 18 1
62 110 1
62 57 1
62 113 1
62 43 1
62 17 1
62 100 1
62 97 1
62 125 1
62 58 1
62 70 1
62 52 1
62 27 1
62 75 1
62 71 1
62 73 1
62 26 1
62 81 1
62 105 1
62 82 1
62 35 1
62 34 1
62 25 1
62 48 1
62 87 1
62 14 1
62 47 1
62 51 1
62 79 1
62 11 1
62 4 1
62 76 1
62 126 1
62 13 1
62 101 1
62 42 1
62 65 1
62 108 1
62 119 1
62 31 1
62 68 1
62 114 1
62 103 1
62 38 1
62 67 1
62 98 1
62 46 1
62 124 1
63 125 1
63 38 1
63 35 1
63 66 1
63 30 1
63 117 1
63 62 1
63 19 1
63 53 1
63 82 1
63 25 1
63 93 1
63 17 1
63 78 1
63 65 1
63 106 1
63 101 1
63 92 1
63 128 1
63 85 1
63 103 1
63 4 1
63 3 1
63 8 1
63 42 1
63 48 1
63 84 1
63 95 1
63 107 1
63 59 1
63 18 1
63 110 1
63 76 1
63 23 1
63 74 1
63 71 1
63 100 1
63 81 1
63 88 1
63 83 1
63 51 1
63 11 1
63 116 1
63 129 1
63 9 1
63 49 1
63 119 1
63 97 1
63 36 1
63 34 1
63 33 1
63 0 1
63 114 1
63 113 1
63 120 1
63 89 1
63 7 1
63 98 1
63 77 1
63 32 1
63 46 1
64 54 1
64 20 1
64 105 1
64 22 1
64 47 1
64 43 1
64 94 1
64 7 1
64 107 1
64 125 1
64 121 1
64 65 1
64 77 1
64 84 1
64 83 1
64 72 1
64 19 1
64 67 1
64 62 1
64 89 1
64 69 1
64 26 1
64 25 1
64 115 1
64 0 1
64 87 1
64 80 1
64 92 1
64 41 1
64 73 1
64 48 1
64 57 1
64 13 1
64 113 1
64 49 1
64 16 1
64 122 1
64 98 1
64 29 1
64 110 1
64 97 1
64 52 1
64 38 1
64 50 1
64 9 1
64 2 1
64 101 1
65 43 1
65 105 1
65 30 1
65 7 1
65 14 1
65 51 1
65 52 1
65 23 1
65 49 1
65 89 1
65 80 1
65 120 1
65 114 1
65 70 1
65 54 1
65 107 1
65 11 1
65 33 1
65 3 1
65 44 1
65 25 1
65 117 1
65 2 1
65 100 1
65 1 1
65 126 1
65 53 1
65 125 1
65 94 1
65 55 1
65 87 1
65 112 1
65 57 1
65 82 1
65 56 1
65 90 1
65 115 1
65 68 1
65 26 1
65 31 1
65 10 1
65 39 1
65 98 1
65 15 1
65 78 1
65 71 1
65 63 1
65 12 1
65 19 1
65 36 1
65 123 1
65 8 1
65 22 1
65 59 1
65 122 1
65 101 1
65 111 1
65 75 1
65 93 1
65 69 1
65 21 1
65 34 1
65 35 1
65 66 1
66 100 1
66 69 1
66 94 1
66 110 1
66 113 1
66 64 1
66 111 1
66 86 1
66 67 1
66 127 1
66 18 1
66 109 1
66 53 1
66 117 1
66 41 1
66 54 1
66 3 1
66 105 1
66 99 1
66 33 1
66 89 1
66 27 1
66 2 1
66 48 1
66 5 1
66 124 1
66 57 1
66 112 1
66 10 1
66 22 1
66 39 1
66 90 1
66 43 1
66 108 1
66 34 1
66 62 1
66 83 1
66 14 1
66 118 1
66 1 1
66 17 1
66 13 1
67 107 1
67 121 1
67 128 1
67 125 1
67 6 1
67 46 1
67 64 1
67 96 1
67 52 1
67 23 1
67 83 1
67 109 1
67 31 1
67 14 1
67 101 1
67 116 1
67 102 1
67 30 1
67 35 1
67 48 1
67 89 1
67 17 1
67 65 1
67 69 1
67 127 1
67 4 1
67 114 1
67 111 1
67 110 1
67 113 1
67 97 1
67 86 1
67 74 1
67 106 1
67 78 1
67 55 1
67 87 1
67 27 1
67 123 1
67 129 1
67 66 1
67 57 1
67 43 1
67 95 1
67 82 1
67 100 1
67 24 1
67 29 1
67 11 1
67 112 1
67 92 1
67 36 1
67 99 1
67 22 1
67 19 1
67 72 1
67 44 1
67 85 1
68 123 1
68 37 1
68 65 1
68 31 1
68 76 1
68 54 1
68 22 1
68 122 1
68 59 1
68 72 1
68 32 1
68 64 1
68 106 1
68 55 1
68 84 1
68 82 1
68 90 1
68 75 1
68 21 1
68 110 1
68 102 1
68 24 1
68 42 1
68 69 1
68 73 1
68 126 1
68 5 1
68 63 1
68 92 1
68 67 1
68 45 1
68 70 1
68 1 1
68 118 1
68 48 1
68 111 1
68 127 1
68 18 1
68 78 1
68 79 1
68 40 1
68 39 1
68 27 1
68 0 1
68 112 1
68 104 1
68 44 1
68 46 1
68 7 1
68 20 1
68 116 1
68 50 1
68 93 1
68 26 1
68 49 1
68 33 1
68 51 1
69 83 1
69 33 1
69 101 1
69 26 1
69 64 1
69 4 1
69 38 1
69 7 1
69 120 1
69 79 1
69 117 1
69 9 1
69 103 1
69 57 1
69 34 1
69 51 1
69 113 1
69 62 1
69 21 1
69 126 1
69 77 1
69 89 1
69 35 1
69 50 1
69 90 1
69 67 1
69 23 1
69 37 1
69 47 1
69 60 1
69 123 1
69 19 1
69 11 1
69 75 1
69 114 1
69 17 1
69 129 1
69 116 1
69 125 1
69 95 1
69 52 1
69 39 1
69 68 1
69 93 1
69 42 1
69 70 1
69 72 1
69 91 1
70 49 1
70 122 1
70 120 1
70 50 1
70 71 1
70 15 1
70 79 1
70 33 1
70 94 1
70 91 1
70 124 1
70 75 1
70 63 1
70 78 1
70 34 1
70 0 1
70 113 1
70 104 1
70 11 1
70 85 1
70 64 1
70 87 1
70 65 1
70 30 1
70 127 1
70 7 1
70 129 1
70 109 1
70 16 1
70 2 1
70 82 1
70 108 1
70 55 1
70 83 1
70 24 1
70 32 1
70 22 1
70 25 1
70 59 1
70 28 1
70 119 1
70 38 1
70 41 1
70 58 1
70 40 1
70 77 1
70 105 1
70 54 1
70 93 1
70 12 1
70 10 1
70 125 1
70 21 1
70 107 1
70 45 1
70 123 1
70 46 1
70 14 1
70 90 1
70 5 1
70 69 1
70 102 1
70 60 1
71 1 1
71 6 1
71 40 1
71 67 1
71 68 1
71 106 1
71 48 1
71 112 1
71 111 1
71 123 1
71 14 1
71 34 1
71 55 1
71 110 1
71 124 1
71 95 1
71 107 1
71 53 1
71 114 1
71 18 1
71 35 1
71 61 1
71 24 1
71 59 1
71 113 1
71 57 1
71 44 1
71 17 1
71 41 1
71 69 1
71 121 1
71 125 1
71 109 1
71 117 1
71 78 1
71 72 1
71 89 1
71 126 1
71 98 1
71 81 1
71 87 1
71 63 1
71 39 1
71 27 1
71 90 1
71 64 1
71 11 1
71 21 1
71 74 1
71 32 1
71 122 1
71 118 1
71 115 1
71 33 1
71 50 1
71 91 1
71 86 1
71 9 1
71 75 1
71 8 1
71 94 1
72 6 1
72 119 1
72 120 1
72 125 1
72 33 1
72 0 1
72 31 1
72 3 1
72 121 1
72 12 1
72 65 1
72 82 1
72 91 1
72 1 1
72 101 1
72 29 1
72 108 1
72 27 1
72 70 1
72 124 1
72 43 1
72 69 1
72 34 1
72 23 1
72 64 1
72 53 1
72 8 1
72 26 1
72 127 1
72 10 1
72 68 1
72 88 1
72 93 1
72 45 1
72 97 1
72 84 1
72 122 1
72 62 1
72 123 1
72 129 1
72 71 1
72 55 1
72 41 1
72 44 1
72 114 1
72 52 1
72 24 1
72 57 1
72 74 1
72 104 1
72 118 1
72 112 1
72 60 1
72 94 1
72 76 1
72 9 1
72 32 1
72 42 1
72 13 1
72 4 1
72 98 1
72 28 1
72 111 1
73 86 1
73 108 1
73 62 1
73 57 1
73 40 1
73 119 1
73 100 1
73 75 1
73 16 1
73 19 1
73 34 1
73 126 1
73 6 1
73 13 1
73 49 1
73 25 1
73 121 1
73 38 1
73 59 1
73 14 1
73 7 1
73 97 1
73 41 1
73 20 1
73 10 1
73 93 1
73 58 1
73 64 1
73 37 1
73 44 1
73 30 1
73 61 1
73 110 1
73 95 1
73 111 1
73 94 1
73 48 1
73 118 1
73 36 1
73 84 1
73 81 1
73 87 1
73 5 1
73 70 1
73 71 1
73 33 1
73 91 1
73 15 1
73 11 1
73 28 1
73 4 1
73 96 1
73 12 1
73 52 1
73 55 1
73 120 1
73 117 1
73 21 1
73 17 1
74 95 1
74 18 1
74 79 1
74 121 1
74 126 1
74 47 1
74 32 1
74 105 1
74 69 1
74 71 1
74 98 1
74 94 1
74 103 1
74 48 1
74 111 1
74 21 1
74 3 1
74 13 1
74 14 1
74 39 1
74 99 1
74 78 1
74 125 1
74 51 1
74 93 1
74 41 1
74 70 1
74 100 1
74 83 1
74 60 1
74 5 1
74 67 1
74 122 1
74 8 1
74 6 1
74 25 1
74 86 1
74 30 1
74 35 1
74 96 1
74 118 1
74 66 1
74 20 1
74 11 1
74 85 1
74 29 1
74 104 1
74 120 1
74 55 1
74 115 1
74 16 1
74 107 1
74 37 1
74 68 1
74 82 1
74 27 1
74 58 1
74 23 1
74 112 1
74 22 1
74 116 1
74 38 1
74 72 1
75 39 1
75 26 1
75 117 1
75 14 1
75 86 1
75 83 1
75 125 1
75 3 1
75 99 1
75 30 1
75 6 1
75 12 1
75 111 1
75 15 1
75 102 1
75 34 1
75 35 1
75 116 1
75 52 1
75 107 1
75 110 1
75 5 1
75 46 1
75 95 1
75 61 1
75 87 1
75 65 1
75 38 1
75 129 1
75 69 1
75 64 1
75 84 1
75 27 1
75 81 1
75 97 1
75 72 1
75 121 1
75 47 1
75 128 1
75 11 1
75 57 1
75 119 1
75 115 1
75 51 1
75 21 1
75 8 1
75 54 1
75 118 1
75 98 1
75 31 1
76 87 1
76 25 1
76 109 1
76 36 1
76 62 1
76 72 1
76 21 1
76 91 1
76 127 1
76 5 1
76 111 1
76 43 1
76 71 1
76 99 1
76 108 1
76 74 1
76 8 1
76 7 1
76 10 1
76 86 1
76 13 1
76 90 1
76 9 1
76 61 1
76 37 1
76 124 1
76 1 1
76 52 1
76 23 1
76 14 1
76 115 1
76 128 1
76 45 1
76 50 1
76 116 1
76 22 1
76 63 1
76 112 1
76 96 1
76 93 1
76 98 1
76 100 1
76 58 1
76 31 1
76 102 1
76 65 1
76 79 1
76 82 1
76 33 1
76 6 1
76 44 1
76 84 1
76 120 1
76 17 1
76 80 1
76 26 1
76 67 1
76 85 1
76 101 1
76 46 1
76 47 1
76 56 1
76 42 1
76 48 1
76 129 1
77 19 1
77 6 1
77 126 1
77 100 1
77 107 1
77 124 1
77 103 1
77 109 1
77 74 1
77 81 1
77 113 1
77 86 1
77 36 1
77 53 1
77 45 1
77 44 1
77 22 1
77 4 1
77 82 1
77 96 1
77 7 1
77 31 1
77 3 1
77 78 1
77 32 1
77 1 1
77 75 1
77 112 1
77 106 1
77 69 1
77 76 1
77 40 1
77 59 1
77 118 1
77 92 1
77 39 1
77 97 1
77 28 1
77 72 1
77 123 1
77 101 1
77 116 1
77 121 1
77 120 1
77 114 1
77 94 1
77 41 1
77 33 1
77 93 1
77 80 1
77 56 1
77 83 1
77 21 1
77 88 1
77 27 1
77 13 1
77 34 1
77 47 1
77 99 1
78 19 1
78 101 1
78 9 1
78 118 1
78 111 1
78 15 1
78 67 1
78 49 1
78 110 1
78 121 1
78 103 1
78 109 1
78 96 1
78 0 1
78 85 1
78 61 1
78 77 1
78 2 1
78 10 1
78 47 1
78 32 1
78 73 1
78 34 1
78 25 1
78 45 1
78 119 1
78 68 1
78 20 1
78 107 1
78 7 1
78 38 1
78 31 1
78 106 1
78 17 1
78 122 1
78 46 1
78 56 1
78 105 1
78 14 1
78 51 1
78 99 1
78 42 1
78 112 1
78 117 1
78 82 1
78 12 1
78 127 1
78 43 1
78 13 1
78 1 1
78 63 1
78 18 1
78 91 1
78 71 1
78 4 1
78 60 1
78 30 1
78 6 1
78 64 1
78 80 1
78 39 1
78 24 1
78 120 1
78 100 1
79 100 1
79 18 1
79 106 1
79 22 1
79 35 1
79 0 1
79 84 1
79 126 1
79 25 1
79 110 1
79 66 1
79 20 1
79 4 1
79 82 1
79 65 1
79 114 1
79 61 1
79 39 1
79 15 1
79 30 1
79 59 1
79 43 1
79 86 1
79 42 1
79 80 1
79 55 1
79 85 1
79 26 1
79 118 1
79 29 1
79 45 1
79 52 1
79 28 1
79 77 1
79 70 1
79 68 1
79 117 1
79 9 1
79 41 1
79 96 1
79 103 1
79 14 1
79 105 1
79 50 1
79 73 1
79 101 1
79 90 1
79 2 1
79 83 1
79 102 1
79 94 1
79 11 1
79 122 1
79 16 1
79 31 1
79 97 1
79 63 1
80 77 1
80 2 1
80 55 1
80 96 1
80 112 1
80 83 1
80 90 1
80 18 1
80 109 1
80 24 1
80 100 1
80 26 1
80 36 1
80 35 1
80 19 1
80 98 1
80 93 1
80 48 1
80 117 1
80 87 1
80 120 1
80 13 1
80 59 1
80 52 1
80 50 1
80 9 1
80 122 1
80 107 1
80 119 1
80 38 1
80 75 1
80 46 1
80 81 1
80 88 1
80 102 1
80 125 1
80 45 1
80 39 1
80 42 1
80 4 1
80 28 1
80 106 1
80 11 1
80 72 1
80 129 1
80 41 1
80 37 1
80 16 1
80 116 1
80 25 1
80 78 1
80 69 1
80 60 1
80 127 1
80 64 1
80 104 1
80 76 1
80 67 1
80 43 1
80 123 1
81 65 1
81 0 1
81 93 1
81 91 1
81 120 1
81 30 1
81 40 1
81 123 1
81 78 1
81 121 1
81 89 1
81 44 1
81 108 1
81 36 1
81 96 1
81 14 1
81 28 1
81 21 1
81 63 1
81 19 1
81 6 1
81 20 1
81 86 1
81 114 1
81 112 1
81 51 1
81 111 1
81 113 1
81 101 1
81 42 1
81 119 1
81 100 1
81 46 1
81 127 1
81 53 1
81 48 1
81 57 1
81 64 1
81 118 1
81 97 1
81 82 1
81 50 1
81 71 1
81 126 1
82 60 1
82 18 1
82 74 1
82 96 1
82 41 1
82 64 1
82 51 1
82 69 1
82 19 1
82 104 1
82 43 1
82 85 1
82 87 1
82 39 1
82 4 1
82 105 1
82 38 1
82 37 1
82 62 1
82 71 1
82 80 1
82 118 1
82 129 1
82 97 1
82 106 1
82 114 1
82 110 1
82 100 1
82 127 1
82 95 1
82 113 1
82 47 1
82 49 1
82 25 1
82 31 1
82 70 1
82 52 1
82 111 1
82 20 1
82 10 1
82 76 1
82 42 1
82 75 1
82 77 1
82 119 1
82 112 1
82 86 1
82 1 1
82 120 1
82 23 1
82 101 1
83 42 1
83 0 1
83 75 1
83 94 1
83 118 1
83 104 1
83 80 1
83 89 1
83 105 1
83 4 1
83 28 1
83 91 1
83 62 1
83 53 1
83 30 1
83 13 1
83 35 1
83 5 1
83 102 1
83 114 1
83 50 1
83 120 1
83 57 1
83 36 1
83 6 1
83 16 1
83 126 1
83 74 1
83 12 1
83 86 1
83 1 1
83 128 1
83 100 1
83 61 1
83 119 1
83 93 1
83 3 1
83 20 1
83 125 1
83 116 1
83 17 1
83 115 1
83 46 1
83 19 1
83 109 1
83 68 1
84 21 1
84 62 1
84 6 1
84 91 1
84 15 1
84 13 1
84 94 1
84 18 1
84 9 1
84 8 1
84 112 1
84 64 1
84 76 1
84 0 1
84 85 1
84 87 1
84 126 1
84 121 1
84 124 1
84 106 1
84 29 1
84 96 1
84 24 1
84 28 1
84 95 1
84 98 1
84 38 1
84 10 1
84 99 1
84 35 1
84 17 1
84 46 1
84 11 1
84 118 1
84 45 1
84 82 1
84 5 1
84 90 1
84 61 1
84 127 1
84 86 1
84 103 1
84 63 1
84 79 1
84 19 1
84 111 1
84 44 1
84 104 1
84 52 1
84 105 1
84 7 1
84 70 1
84 125 1
84 81 1
84 37 1
85 13 1
85 9 1
85 17 1
85 73 1
85 29 1
85 71 1
85 35 1
85 104 1
85 101 1
85 22 1
85 55 1
85 67 1
85 26 1
85 8 1
85 96 1
85 87 1
85 64 1
85 6 1
85 78 1
85 54 1
85 5 1
85 77 1
85 40 1
85 46 1
85 47 1
85 95 1
85 111 1
85 39 1
85 82 1
85 41 1
85 106 1
85 45 1
85 84 1
85 125 1
85 34 1
85 66 1
85 129 1
85 110 1
85 53 1
85 81 1
85 28 1
85 65 1
85 15 1
85 118 1
85 91 1
85 62 1
85 116 1
85 102 1
85 16 1
85 70 1
85 61 1
85 109 1
85 122 1
85 57 1
85 112 1
85 100 1
85 80 1
85 114 1
85 90 1
85 3 1
85 128 1
86 55 1
86 10 1
86 18 1
86 128 1
86 29 1
86 11 1
86 127 1
86 24 1
86 31 1
86 6 1
86 75 1
86 63 1
86 56 1
86 99 1
86 118 1
86 14 1
86 19 1
86 76 1
86 36 1
86 129 1
86 38 1
86 102 1
86 109 1
86 4 1
86 23 1
86 124 1
86 27 1
86 30 1
86 111 1
86 121 1
86 17 1
86 79 1
86 90 1
86 52 1
86 49 1
86 61 1
86 62 1
86 7 1
86 104 1
86 113 1
86 43 1
86 33 1
86 35 1
86 48 1
86 93 1
86 107 1
86 119 1
86 74 1
86 60 1
86 25 1
86 40 1
86 95 1
87 112 1
87 24 1
87 111 1
87 82 1
87 127 1
87 10 1
87 122 1
87 66 1
87 21 1
87 116 1
87 44 1
87 88 1
87 43 1
87 97 1
87 105 1
87 98 1
87 20 1
87 34 1
87 67 1
87 101 1
87 118 1
87 110 1
87 16 1
87 125 1
87 113 1
87 100 1
87 123 1
87 120 1
87 22 1
87 124 1
87 106 1
87 1 1
87 58 1
87 107 1
87 55 1
87 42 1
87 50 1
87 47 1
87 53 1
87 27 1
87 117 1
87 70 1
87 30 1
87 36 1
87 56 1
87 2 1
87 68 1
87 49 1
87 99 1
87 81 1
87 89 1
87 52 1
87 69 1
87 32 1
87 5 1
87 85 1
87 26 1
87 57 1
87 3 1
87 29 1
87 77 1
87 119 1
87 62 1
87 121 1
87 74 1
87 109 1
88 36 1
88 56 1
88 60 1
88 46 1
88 74 1
88 97 1
88 129 1
88 119 1
88 0 1
88 55 1
88 123 1
88 27 1
88 89 1
88 116 1
88 1 1
88 7 1
88 13 1
88 124 1
88 101 1
88 75 1
88 111 1
88 49 1
88 38 1
88 39 1
88 107 1
88 69 1
88 28 1
88 108 1
88 48 1
88 9 1
88 71 1
88 54 1
88 63 1
88 66 1
88 93 1
88 86 1
88 127 1
88 122 1
88 41 1
88 51 1
88 25 1
88 110 1
88 109 1
88 31 1
88 90 1
88 84 1
88 8 1
88 98 1
88 104 1
88 59 1
88 43 1
88 29 1
88 70 1
89 0 1
89 42 1
89 12 1
89 37 1
89 78 1
89 33 1
89 21 1
89 100 1
89 69 1
89 11 1
89 54 1
89 25 1
89 17 1
89 95 1
89 126 1
89 68 1
89 65 1
89 56 1
89 129 1
89 50 1
89 13 1
89 46 1
89 1 1
89 79 1
89 97 1
89 111 1
89 23 1
89 74 1
89 6 1
89 128 1
89 62 1
89 55 1
89 47 1
89 110 1
89 52 1
89 64 1
89 105 1
89 108 1
89 87 1
89 2 1
89 10 1
89 49 1
89 30 1
89 103 1
89 107 1
89 124 1
89 77 1
89 76 1
89 63 1
89 26 1
89 19 1
89 127 1
90 92 1
90 46 1
90 39 1
90 91 1
90 100 1
90 120 1
90 87 1
90 108 1
90 73 1
90 60 1
90 119 1
90 37 1
90 9 1
90 48 1
90 14 1
90 127 1
90 1 1
90 68 1
90 21 1
90 40 1
90 16 1
90 44 1
90 19 1
90 55 1
90 47 1
90 32 1
90 43 1
90 117 1
90 58 1
90 88 1
90 15 1
90 57 1
90 76 1
90 64 1
90 126 1
90 101 1
90 54 1
90 0 1
90 105 1
90 50 1
90 4 1
90 106 1
90 123 1
90 114 1
90 30 1
90 86 1
90 45 1
90 75 1
90 20 1
90 112 1
90 62 1
90 36 1
90 107 1
90 26 1
90 49 1
90 63 1
90 3 1
90 13 1
90 34 1
90 2 1
90 103 1
90 65 1
91 45 1
91 37 1
91 35 1
91 84 1
91 17 1
91 38 1
91 60 1
91 102 1
91 127 1
91 111 1
91 124 1
91 62 1
91 29 1
91 117 1
91 56 1
91 78 1
91 121 1
91 74 1
91 54 1
91 49 1
91 118 1
91 126 1
91 15 1
91 6 1
91 97 1
91 50 1
91 58 1
91 18 1
91 116 1
91 80 1
91 125 1
91 88 1
91 64 1
91 105 1
91 98 1
91 5 1
91 12 1
91 59 1
91 83 1
91 10 1
91 14 1
91 89 1
91 75 1
91 63 1
91 72 1
91 27 1
91 36 1
91 55 1
91 96 1
91 61 1
91 34 1
91 20 1
91 101 1
91 106 1
92 43 1
92 44 1
92 65 1
92 84 1
92 42 1
92 80 1
92 28 1
92 82 1
92 125 1
92 15 1
92 107 1
92 0 1
92 126 1
92 4 1
92 46 1
92 88 1
92 85 1
92 79 1
92 128 1
92 53 1
92 16 1
92 93 1
92 58 1
92 68 1
92 94 1
92 37 1
92 19 1
92 13 1
92 6 1
92 8 1
92 97 1
92 111 1
92 71 1
92 91 1
92 103 1
92 60 1
92 33 1
92 64 1
92 106 1
92 115 1
92 59 1
92 57 1
92 18 1
92 14 1
92 49 1
92 102 1
92 39 1
92 29 1
92 66 1
92 120 1
92 112 1
92 98 1
92 36 1
92 117 1
92 129 1
92 109 1
92 32 1
92 51 1
92 5 1
92 99 1
92 124 1
92 17 1
92 108 1
92 26 1
92 55 1
92 86 1
92 2 1
92 74 1
93 8 1
93 92 1
93 15 1
93 11 1
93 2 1
93 41 1
93 77 1
93 9 1
93 106 1
93 27 1
93 73 1
93 13 1
93 113 1
93 103 1
93 97 1
93 55 1
93 115 1
93 98 1
93 7 1
93 62 1
93 46 1
93 1 1
93 20 1
93 129 1
93 90 1
93 54 1
93 64 1
93 58 1
93 29 1
93 33 1
93 126 1
93 100 1
93 25 1
93 30 1
93 128 1
93 47 1
93 3 1
93 37 1
93 72 1
93 0 1
93 82 1
93 14 1
93 34 1
93 124 1
93 18 1
93 74 1
93 51 1
93 42 1
93 60 1
93 5 1
93 76 1
93 123 1
93 63 1
93 80 1
93 49 1
93 32 1
93 59 1
93 86 1
93 75 1
93 107 1
94 120 1
94 27 1
94 65 1
94 55 1
94 66 1
94 112 1
94 51 1
94 119 1
94 124 1
94 35 1
94 36 1
94 12 1
94 102 1
94 121 1
94 26 1
94 61 1
94 59 1
94 103 1
94 56 1
94 57 1
94 11 1
94 125 1
94 6 1
94 90 1
94 98 1
94 127 1
94 2 1
94 87 1
94 107 1
94 68 1
94 0 1
94 62 1
94 16 1
94 85 1
94 10 1
94 74 1
94 78 1
94 116 1
94 31 1
94 19 1
94 63 1
94 40 1
94 105 1
94 7 1
94 92 1
94 30 1
94 54 1
94 24 1
94 48 1
94 45 1
94 47 1
94 64 1
94 18 1
95 113 1
95 100 1
95 13 1
95 47 1
95 103 1
95 126 1
95 18 1
95 21 1
95 19 1
95 33 1
95 83 1
95 123 1
95 75 1
95 58 1
95 70 1
95 79 1
95 7 1
95 52 1
95 12 1
95 41 1
95 32 1
95 110 1
95 23 1
95 119 1
95 89 1
95 117 1
95 102 1
95 118 1
95 24 1
95 112 1
95 94 1
95 74 1
95 6 1
95 22 1
95 108 1
95 38 1
95 30 1
95 121 1
95 25 1
95 115 1
95 122 1
95 84 1
95 42 1
95 72 1
95 96 1
95 71 1
95 88 1
95 68 1
95 26 1
95 105 1
95 76 1
95 60 1
95 63 1
95 39 1
95 50 1
95 129 1
95 109 1
95 107 1
95 20 1
95 64 1
95 2 1
95 59 1
95 125 1
95 90 1
96 33 1
96 85 1
96 7 1
96 95 1
96 102 1
96 104 1
96 92 1
96 61 1
96 51 1
96 118 1
96 88 1
96 6 1
96 65 1
96 24 1
96 11 1
96 17 1
96 114 1
96 35 1
96 125 1
96 113 1
96 64 1
96 32 1
96 112 1
96 126 1
96 25 1
96 124 1
96 4 1
96 79 1
96 45 1
96 73 1
96 97 1
96 72 1
96 43 1
96 40 1
96 117 1
96 111 1
96 54 1
96 122 1
96 49 1
96 58 1
96 94 1
96 16 1
96 78 1
96 129 1
96 21 1
96 10 1
96 37 1
96 68 1
96 84 1
96 74 1
96 0 1
96 20 1
96 36 1
96 22 1
96 103 1
96 76 1
96 86 1
96 14 1
96 107 1
96 63 1
97 54 1
97 2 1
97 72 1
97 42 1
97 126 1
97 45 1
97 105 1
97 37 1
97 76 1
97 33 1
97 110 1
97 0 1
97 79 1
97 27 1
97 53 1
97 41 1
97 61 1
97 107 1
97 56 1
97 91 1
97 77 1
97 85 1
97 89 1
97 125 1
97 59 1
97 35 1
97 30 1
97 84 1
97 128 1
97 78 1
97 73 1
97 99 1
97 66 1
97 32 1
97 13 1
97 50 1
97 70 1
97 6 1
97 96 1
97 19 1
97 47 1
97 21 1
97 98 1
97 117 1
97 63 1
97 46 1
97 48 1
97 121 1
97 68 1
97 26 1
97 14 1
97 113 1
97 43 1
97 28 1
97 20 1
97 3 1
97 40 1
97 57 1
97 5 1
97 81 1
97 90 1
97 25 1
97 36 1
97 80 1
97 88 1
97 124 1
97 101 1
97 104 1
97 115 1
97 44 1
97 4 1
97 114 1
98 115 1
98 121 1
98 123 1
98 23 1
98 85 1
98 89 1
98 112 1
98 48 1
98 116 1
98 2 1
98 50 1
98 45 1
98 74 1
98 84 1
98 4 1
98 91 1
98 52 1
98 114 1
98 34 1
98 31 1
98 88 1
98 126 1
98 109 1
98 81 1
98 80 1
98 53 1
98 11 1
98 58 1
98 8 1
98 1 1
98 111 1
98 95 1
98 125 1
98 117 1
98 44 1
98 41 1
98 76 1
98 96 1
98 101 1
98 124 1
98 97 1
98 82 1
98 0 1
98 42 1
98 19 1
98 46 1
98 69 1
98 33 1
98 78 1
98 127 1
98 102 1
98 62 1
98 7 1
98 64 1
98 79 1
98 57 1
99 59 1
99 110 1
99 29 1
99 115 1
99 32 1
99 45 1
99 65 1
99 38 1
99 88 1
99 92 1
99 125 1
99 77 1
99 18 1
99 97 1
99 3 1
99 113 1
99 4 1
99 103 1
99 109 1
99 89 1
99 85 1
99 63 1
99 14 1
99 23 1
99 9 1
99 8 1
99 7 1
99 58 1
99 64 1
99 107 1
99 12 1
99 128 1
99 68 1
99 86 1
99 62 1
99 102 1
99 93 1
99 129 1
99 74 1
99 122 1
99 27 1
99 106 1
99 42 1
99 104 1
99 46 1
99 5 1
99 6 1
99 2 1
99 114 1
99 84 1
99 72 1
99 33 1
99 17 1
99 120 1
99 90 1
99 96 1
99 94 1
99 76 1
99 20 1
100 124 1
100 54 1
100 129 1
100 104 1
100 101 1
100 38 1
100 44 1
100 77 1
100 81 1
100 69 1
100 57 1
100 70 1
100 88 1
100 2 1
100 30 1
100 112 1
100 126 1
100 50 1
100 52 1
100 47 1
100 6 1
100 117 1
100 36 1
100 65 1
100 39 1
100 89 1
100 10 1
100 51 1
100 127 1
100 22 1
100 24 1
100 82 1
100 109 1
100 95 1
100 26 1
100 17 1
100 60 1
100 75 1
100 74 1
100 18 1
100 46 1
100 84 1
100 102 1
100 87 1
100 111 1
100 53 1
100 67 1
100 20 1
101 59 1
101 80 1
101 7 1
101 68 1
101 82 1
101 20 1
101 63 1
101 46 1
101 72 1
101 121 1
101 99 1
101 48 1
101 55 1
101 23 1
101 81 1
101 119 1
101 85 1
101 0 1
101 32 1
101 112 1
101 41 1
101 66 1
101 42 1
101 103 1
101 14 1
101 16 1
101 5 1
101 94 1
101 69 1
101 127 1
101 124 1
101 62 1
101 120 1
101 88 1
101 79 1
101 54 1
101 104 1
101 74 1
101 3 1
101 40 1
101 35 1
101 106 1
101 113 1
101 92 1
101 100 1
101 22 1
101 57 1
101 61 1
101 115 1
101 64 1
101 76 1
101 21 1
101 102 1
101 19 1
101 97 1
101 15 1
101 109 1
101 31 1
102 87 1
102 115 1
102 118 1
102 64 1
102 30 1
102 92 1
102 112 1
102 8 1
102 62 1
102 26 1
102 103 1
102 126 1
102 78 1
102 106 1
102 98 1
102 5 1
102 94 1
102 89 1
102 105 1
102 75 1
102 15 1
102 129 1
102 25 1
102 85 1
102 57 1
102 66 1
102 69 1
102 44 1
102 22 1
102 58 1
102 120 1
102 83 1
102 121 1
102 119 1
102 24 1
102 20 1
102 108 1
102 110 1
102 52 1
102 63 1
102 19 1
102 34 1
102 124 1
102 11 1
102 27 1
102 127 1
102 76 1
102 35 1
102 114 1
102 42 1
102 95 1
102 123 1
102 4 1
102 49 1
102 51 1
102 116 1
102 55 1
102 99 1
102 43 1
103 76 1
103 45 1
103 122 1
103 4 1
103 23 1
103 17 1
103 81 1
103 19 1
103 99 1
103 82 1
103 72 1
103 77 1
103 63 1
103 100 1
103 124 1
103 87 1
103 71 1
103 126 1
103 106 1
103 37 1
103 107 1
103 38 1
103 57 1
103 110 1
103 35 1
103 105 1
103 47 1
103 116 1
103 118 1
103 109 1
103 49 1
103 21 1
103 115 1
103 1 1
103 41 1
103 61 1
103 64 1
103 24 1
103 25 1
103 125 1
103 46 1
103 79 1
103 80 1
103 75 1
103 9 1
103 16 1
103 30 1
103 97 1
103 88 1
103 53 1
103 26 1
103 59 1
103 67 1
103 27 1
103 56 1
103 94 1
103 29 1
103 22 1
103 108 1
103 12 1
104 67 1
104 70 1
104 91 1
104 57 1
104 40 1
104 14 1
104 78 1
104 122 1
104 112 1
104 123 1
104 44 1
104 6 1
104 18 1
104 100 1
104 128 1
104 76 1
104 39 1
104 56 1
104 89 1
104 43 1
104 58 1
104 12 1
104 75 1
104 81 1
104 65 1
104 82 1
104 41 1
104 107 1
104 116 1
104 96 1
104 77 1
104 119 1
104 74 1
104 20 1
104 25 1
104 117 1
104 7 1
104 61 1
104 63 1
104 66 1
104 73 1
104 105 1
104 87 1
104 118 1
104 54 1
104 46 1
104 15 1
104 36 1
104 10 1
104 9 1
104 52 1
104 33 1
104 13 1
104 62 1
104 37 1
104 86 1
104 120 1
104 90 1
104 16 1
105 124 1
105 64 1
105 9 1
105 2 1
105 30 1
105 38 1
105 14 1
105 80 1
105 111 1
105 104 1
105 34 1
105 61 1
105 112 1
105 29 1
105 65 1
105 84 1
105 116 1
105 17 1
105 49 1
105 18 1
105 27 1
105 33 1
105 63 1
105 20 1
105 62 1
105 106 1
105 13 1
105 57 1
105 113 1
105 118 1
105 71 1
105 58 1
105 32 1
105 107 1
105 8 1
105 115 1
105 59 1
105 15 1
105 44 1
105 98 1
105 129 1
105 23 1
105 66 1
105 91 1
105 41 1
105 85 1
105 74 1
105 123 1
105 56 1
105 114 1
105 60 1
105 25 1
106 17 1
106 32 1
106 57 1
106 72 1
106 82 1
106 107 1
106 79 1
106 126 1
106 65 1
106 122 1
106 60 1
106 123 1
106 38 1
106 129 1
106 127 1
106 52 1
106 48 1
106 41 1
106 63 1
106 42 1
106 10 1
106 101 1
106 114 1
106 73 1
106 49 1
106 46 1
106 62 1
106 103 1
106 27 1
106 119 1
106 28 1
106 89 1
106 61 1
106 36 1
106 45 1
106 37 1
106 43 1
106 13 1
106 76 1
106 113 1
106 97 1
106 121 1
106 94 1
106 117 1
106 59 1
106 90 1
106 124 1
106 30 1
106 118 1
106 40 1
106 104 1
106 8 1
106 33 1
106 105 1
106 23 1
106 78 1
106 92 1
106 15 1
106 51 1
106 70 1
107 125 1
107 120 1
107 61 1
107 28 1
107 57 1
107 105 1
107 8 1
107 24 1
107 87 1
107 114 1
107 112 1
107 35 1
107 73 1
107 100 1
107 21 1
107 109 1
107 45 1
107 75 1
107 54 1
107 65 1
107 19 1
107 29 1
107 99 1
107 14 1
107 62 1
107 44 1
107 37 1
107 77 1
107 16 1
107 102 1
107 10 1
107 84 1
107 122 1
107 12 1
107 33 1
107 43 1
107 119 1
107 89 1
107 93 1
107 13 1
107 106 1
107 41 1
107 26 1
107 108 1
107 18 1
107 49 1
107 101 1
107 53 1
107 47 1
107 116 1
107 124 1
107 9 1
108 42 1
108 8 1
108 111 1
108 75 1
108 70 1
108 30 1
108 39 1
108 100 1
108 29 1
108 68 1
108 54 1
108 37 1
108 23 1
108 73 1
108 20 1
108 113 1
108 87 1
108 51 1
108 76 1
108 86 1
108 99 1
108 71 1
108 2 1
108 32 1
108 19 1
108 78 1
108 119 1
108 48 1
108 3 1
108 118 1
108 41 1
108 79 1
108 61 1
108 33 1
108 62 1
108 127 1
108 107 1
108 56 1
108 69 1
108 91 1
108 0 1
108 59 1
108 104 1
108 115 1
108 50 1
108 98 1
108 18 1
108 123 1
108 17 1
108 63 1
108 4 1
108 65 1
108 9 1
108 40 1
108 26 1
108 67 1
108 60 1
108 27 1
108 121 1
108 38 1
108 117 1
108 66 1
109 23 1
109 32 1
109 33 1
109 127 1
109 107 1
109 117 1
109 73 1
109 88 1
109 81 1
109 21 1
109 93 1
109 38 1
109 101 1
109 71 1
109 46 1
109 62 1
109 57 1
109 118 1
109 18 1
109 66 1
109 100 1
109 10 1
109 48 1
109 116 1
109 108 1
109 123 1
109 92 1
109 14 1
109 52 1
109 49 1
109 63 1
109 103 1
109 12 1
109 115 1
109 11 1
109 90 1
109 99 1
109 114 1
109 80 1
109 67 1
109 13 1
109 40 1
109 27 1
109 91 1
109 89 1
109 37 1
109 0 1
109 29 1
109 7 1
109 2 1
109 121 1
109 31 1
109 61 1
109 1 1
109 20 1
109 5 1
109 105 1
109 22 1
109 125 1
109 16 1
110 32 1
110 99 1
110 30 1
110 103 1
110 83 1
110 26 1
110 20 1
110 35 1
110 2 1
110 124 1
110 43 1
110 94 1
110 68 1
110 77 1
110 39 1
110 49 1
110 8 1
110 22 1
110 91 1
110 55 1
110 54 1
110 92 1
110 28 1
110 64 1
110 5 1
110 120 1
110 10 1
110 105 1
110 1 1
110 60 1
110 79 1
110 46 1
110 106 1
110 40 1
110 70 1
110 93 1
110 86 1
110 11 1
110 25 1
110 47 1
110 27 1
110 45 1
110 80 1
110 19 1
110 13 1
110 56 1
110 115 1
110 34 1
110 15 1
110 50 1
111 108 1
111 30 1
111 73 1
111 77 1
111 21 1
111 72 1
111 98 1
111 78 1
111 51 1
111 5 1
111 71 1
111 68 1
111 18 1
111 33 1
111 114 1
111 41 1
111 17 1
111 38 1
111 50 1
111 103 1
111 74 1
111 29 1
111 8 1
111 79 1
111 84 1
111 0 1
111 113 1
111 117 1
111 121 1
111 55 1
111 81 1
111 61 1
111 63 1
111 2 1
111 31 1
111 127 1
111 66 1
111 120 1
111 92 1
111 82 1
111 122 1
111 40 1
111 95 1
111 110 1
111 56 1
111 52 1
111 47 1
111 125 1
111 54 1
111 44 1
111 25 1
111 43 1
111 112 1
111 105 1
111 69 1
111 96 1
111 118 1
111 4 1
112 44 1
112 7 1
112 122 1
112 111 1
112 8 1
112 128 1
112 24 1
112 42 1
112 107 1
112 49 1
112 91 1
112 56 1
112 127 1
112 100 1
112 89 1
112 3 1
112 25 1
112 50 1
112 113 1
112 80 1
112 18 1
112 71 1
112 35 1
112 28 1
112 114 1
112 41 1
112 32 1
112 19 1
112 11 1
112 68 1
112 34 1
112 77 1
112 23 1
112 88 1
112 45 1
112 65 1
112 90 1
112 99 1
112 97 1
112 61 1
112 31 1
112 5 1
112 39 1
112 102 1
112 13 1
112 62 1
112 75 1
112 30 1
112 38 1
112 51 1
112 129 1
112 83 1
112 17 1
112 93 1
112 79 1
112 40 1
112 9 1
112 119 1
112 26 1
112 78 1
112 29 1
112 76 1
112 108 1
113 52 1
113 74 1
113 28 1
113 94 1
113 77 1
113 121 1
113 66 1
113 125 1
113 60 1
113 8 1
113 109 1
113 68 1
113 35 1
113 98 1
113 79 1
113 3 1
113 55 1
113 127 1
113 85 1
113 23 1
113 75 1
113 80 1
113 92 1
113 31 1
113 9 1
113 88 1
113 73 1
113 20 1
113 78 1
113 25 1
113 69 1
113 59 1
113 72 1
113 37 1
113 40 1
113 33 1
113 119 1
113 36 1
113 71 1
113 49 1
113 107 1
113 0 1
113 117 1
113 104 1
113 53 1
113 103 1
113 43 1
113 89 1
114 106 1
114 116 1
114 12 1
114 79 1
114 30 1
114 66 1
114 37 1
114 46 1
114 74 1
114 5 1
114 113 1
114 95 1
114 13 1
114 16 1
114 65 1
114 29 1
114 21 1
114 49 1
114 69 1
114 120 1
114 14 1
114 58 1
114 60 1
114 123 1
114 22 1
114 0 1
114 51 1
114 111 1
114 19 1
114 85 1
114 82 1
114 73 1
114 125 1
114 55 1
114 47 1
114 67 1
114 32 1
114 127 1
114 103 1
114 11 1
114 54 1
114 62 1
114 105 1
114 101 1
114 126 1
114 70 1
114 17 1
114 102 1
114 45 1
114 97 1
114 76 1
114 96 1
114 84 1
114 115 1
115 127 1
115 86 1
115 125 1
115 77 1
115 126 1
115 66 1
115 14 1
115 105 1
115 67 1
115 15 1
115 74 1
115 59 1
115 43 1
115 119 1
115 52 1
115 91 1
115 98 1
115 8 1
115 27 1
115 62 1
115 34 1
115 78 1
115 10 1
115 81 1
115 6 1
115 29 1
115 49 1
115 54 1
115 5 1
115 84 1
115 57 1
115 61 1
115 19 1
115 7 1
115 26 1
115 33 1
115 38 1
115 90 1
115 106 1
115 42 1
115 35 1
115 92 1
115 63 1
115 39 1
115 18 1
115 69 1
115 95 1
115 71 1
115 72 1
115 47 1
115 88 1
115 46 1
115 124 1
115 111 1
115 101 1
115 13 1
115 99 1
115 110 1
115 122 1
115 97 1
115 103 1
116 118 1
116 124 1
116 43 1
116 50 1
116 27 1
116 36 1
116 86 1
116 39 1
116 37 1
116 19 1
116 17 1
116 79 1
116 82 1
116 94 1
116 110 1
116 28 1
116 76 1
116 44 1
116 64 1
116 15 1
116 62 1
116 70 1
116 56 1
116 117 1
116 35 1
116 75 1
116 98 1
116 69 1
116 101 1
116 33 1
116 88 1
116 58 1
116 66 1
116 114 1
116 120 1
116 73 1
116 26 1
116 112 1
116 127 1
116 49 1
116 78 1
116 93 1
116 11 1
116 6 1
116 99 1
116 41 1
116 40 1
116 47 1
116 65 1
116 2 1
116 10 1
116 52 1
116 97 1
116 85 1
116 122 1
116 105 1
116 125 1
117 36 1
117 68 1
117 2 1
117 73 1
117 10 1
117 61 1
117 41 1
117 13 1
117 94 1
117 65 1
117 91 1
117 45 1
117 114 1
117 1 1
117 51 1
117 11 1
117 30 1
117 70 1
117 64 1
117 89 1
117 77 1
117 63 1
117 67 1
117 84 1
117 115 1
117 57 1
117 22 1
117 113 1
117 93 1
117 4 1
117 71 1
117 38 1
117 33 1
117 28 1
117 43 1
117 98 1
117 80 1
117 31 1
117 129 1
117 75 1
117 104 1
117 123 1
117 109 1
117 54 1
117 74 1
117 103 1
117 76 1
117 32 1
117 86 1
117 122 1
117 16 1
117 6 1
117 14 1
117 118 1
117 78 1
117 17 1
117 46 1
117 62 1
117 96 1
118 116 1
118 60 1
118 119 1
118 74 1
118 63 1
118 103 1
118 67 1
118 58 1
118 31 1
118 75 1
118 73 1
118 33 1
118 125 1
118 43 1
118 64 1
118 39 1
118 7 1
118 47 1
118 88 1
118 112 1
118 11 1
118 66 1
118 0 1
118 78 1
118 94 1
118 25 1
118 68 1
118 40 1
118 20 1
118 19 1
118 6 1
118 127 1
118 79 1
118 91 1
118 100 1
118 65 1
118 69 1
118 96 1
118 51 1
118 122 1
118 13 1
118 55 1
118 117 1
118 71 1
118 126 1
118 93 1
118 3 1
118 5 1
118 30 1
118 15 1
118 16 1
118 92 1
118 128 1
118 113 1
118 61 1
119 81 1
119 52 1
119 12 1
119 54 1
119 116 1
119 71 1
119 85 1
119 4 1
119 73 1
119 56 1
119 98 1
119 0 1
119 106 1
119 127 1
119 42 1
119 64 1
119 5 1
119 68 1
119 57 1
119 80 1
119 50 1
119 11 1
119 128 1
119 7 1
119 30 1
119 58 1
119 111 1
119 126 1
119 112 1
119 60 1
119 49 1
119 13 1
119 32 1
119 118 1
119 103 1
119 105 1
119 94 1
119 129 1
119 26 1
119 86 1
119 121 1
119 27 1
119 117 1
119 69 1
119 22 1
119 34 1
119 9 1
119 84 1
119 67 1
119 20 1
119 123 1
119 96 1
119 19 1
119 79 1
119 3 1
119 83 1
119 74 1
119 72 1
119 38 1
119 125 1
119 23 1
119 100 1
119 122 1
119 18 1
119 37 1
120 118 1
120 97 1
120 11 1
120 93 1
120 98 1
120 32 1
120 62 1
120 79 1
120 99 1
120 39 1
120 19 1
120 13 1
120 7 1
120 87 1
120 92 1
120 111 1
120 117 1
120 76 1
120 45 1
120 44 1
120 5 1
120 101 1
120 23 1
120 77 1
120 63 1
120 56 1
120 94 1
120 55 1
120 65 1
120 14 1
120 1 1
120 12 1
120 109 1
120 47 1
120 61 1
120 27 1
120 58 1
120 64 1
120 54 1
120 75 1
120 126 1
120 38 1
120 15 1
120 40 1
120 3 1
120 114 1
120 25 1
120 9 1
120 73 1
120 91 1
120 115 1
120 18 1
120 121 1
120 37 1
120 10 1
120 2 1
120 4 1
120 72 1
120 16 1
121 125 1
121 12 1
121 92 1
121 110 1
121 96 1
121 91 1
121 13 1
121 106 1
121 61 1
121 108 1
121 5 1
121 116 1
121 20 1
121 71 1
121 26 1
121 78 1
121 127 1
121 21 1
121 109 1
121 66 1
121 90 1
121 30 1
121 114 1
121 51 1
121 46 1
121 79 1
121 28 1
121 63 1
121 0 1
121 56 1
121 103 1
121 18 1
121 124 1
121 128 1
121 82 1
121 99 1
121 87 1
121 25 1
121 117 1
121 93 1
121 45 1
121 89 1
121 9 1
121 76 1
121 123 1
121 60 1
121 40 1
121 120 1
121 10 1
121 126 1
121 69 1
121 67 1
121 97 1
121 47 1
122 79 1
122 10 1
122 69 1
122 50 1
122 99 1
122 15 1
122 52 1
122 109 1
122 110 1
122 11 1
122 74 1
122 77 1
122 1 1
122 22 1
122 70 1
122 105 1
122 36 1
122 67 1
122 12 1
122 8 1
122 2 1
122 46 1
122 121 1
122 33 1
122 124 1
122 86 1
122 25 1
122 9 1
122 112 1
122 68 1
122 26 1
122 80 1
122 7 1
122 35 1
122 92 1
122 129 1
122 95 1
122 118 1
122 93 1
122 14 1
122 78 1
122 65 1
122 73 1
122 106 1
122 76 1
122 66 1
122 30 1
122 31 1
122 13 1
122 100 1
122 64 1
122 29 1
122 62 1
122 84 1
122 43 1
122 96 1
122 54 1
122 48 1
122 117 1
122 20 1
123 70 1
123 64 1
123 52 1
123 75 1
123 98 1
123 20 1
123 5 1
123 55 1
123 44 1
123 26 1
123 56 1
123 94 1
123 12 1
123 104 1
123 76 1
123 88 1
123 59 1
123 85 1
123 86 1
123 8 1
123 90 1
123 92 1
123 43 1
123 74 1
123 49 1
123 126 1
123 47 1
123 29 1
123 68 1
123 24 1
123 45 1
123 93 1
123 36 1
123 21 1
123 63 1
123 14 1
123 57 1
123 23 1
123 114 1
123 34 1
123 71 1
123 87 1
123 61 1
123 32 1
123 106 1
123 127 1
123 105 1
123 83 1
123 0 1
123 16 1
123 129 1
123 67 1
123 39 1
124 101 1
124 8 1
124 29 1
124 3 1
124 72 1
124 25 1
124 9 1
124 56 1
124 5 1
124 70 1
124 48 1
124 118 1
124 126 1
124 18 1
124 75 1
124 17 1
124 19 1
124 13 1
124 21 1
124 109 1
124 14 1
124 79 1
124 93 1
124 114 1
124 66 1
124 30 1
124 128 1
124 104 1
124 92 1
124 40 1
124 105 1
124 67 1
124 12 1
124 98 1
124 107 1
124 54 1
124 38 1
124 37 1
124 99 1
124 46 1
124 85 1
124 65 1
124 122 1
124 0 1
124 42 1
124 33 1
124 23 1
124 110 1
124 111 1
124 28 1
124 57 1
124 91 1
124 1 1
124 129 1
124 24 1
124 119 1
124 59 1
124 100 1
124 32 1
124 49 1
124 84 1
125 49 1
125 66 1
125 0 1
125 115 1
125 67 1
125 113 1
125 5 1
125 75 1
125 98 1
125 62 1
125 8 1
125 24 1
125 40 1
125 84 1
125 111 1
125 119 1
125 93 1
125 85 1
125 64 1
125 69 1
125 23 1
125 29 1
125 121 1
125 105 1
125 77 1
125 39 1
125 87 1
125 38 1
125 96 1
125 33 1
125 32 1
125 80 1
125 14 1
125 92 1
125 44 1
125 42 1
125 43 1
125 94 1
125 36 1
125 73 1
125 46 1
125 70 1
125 81 1
125 18 1
125 112 1
125 108 1
125 102 1
125 100 1
125 20 1
125 65 1
125 123 1
125 4 1
125 47 1
125 6 1
125 128 1
125 27 1
125 19 1
125 57 1
125 74 1
125 61 1
125 10 1
125 16 1
125 15 1
125 71 1
125 31 1
125 83 1
126 106 1
126 9 1
126 16 1
126 114 1
126 71 1
126 46 1
126 69 1
126 58 1
126 20 1
126 125 1
126 123 1
126 41 1
126 107 1
126 75 1
126 17 1
126 12 1
126 129 1
126 67 1
126 87 1
126 84 1
126 51 1
126 56 1
126 40 1
126 73 1
126 29 1
126 111 1
126 127 1
126 117 1
126 72 1
126 124 1
126 24 1
126 82 1
126 128 1
126 54 1
126 39 1
126 30 1
126 1 1
126 62 1
126 0 1
126 78 1
126 90 1
126 25 1
126 19 1
126 113 1
126 89 1
126 57 1
126 94 1
126 45 1
126 65 1
126 102 1
126 6 1
126 18 1
126 101 1
126 99 1
126 96 1
126 112 1
126 80 1
126 109 1
126 2 1
126 93 1
126 70 1
126 38 1
126 5 1
126 60 1
126 118 1
126 43 1
127 128 1
127 74 1
127 97 1
127 34 1
127 24 1
127 69 1
127 119 1
127 62 1
127 33 1
127 115 1
127 25 1
127 109 1
127 94 1
127 126 1
127 103 1
127 13 1
127 100 1
127 9 1
127 50 1
127 63 1
127 122 1
127 44 1
127 86 1
127 3 1
127 112 1
127 20 1
127 11 1
127 18 1
127 23 1
127 45 1
127 65 1
127 117 1
127 70 1
127 2 1
127 125 1
127 116 1
127 71 1
127 38 1
127 75 1
127 37 1
127 58 1
127 46 1
127 78 1
127 66 1
127 57 1
127 10 1
127 84 1
127 85 1
127 64 1
127 21 1
127 111 1
127 32 1
127 48 1
127 26 1
127 61 1
127 93 1
127 67 1
127 120 1
127 36 1
127 19 1
127 104 1
127 51 1
127 12 1
128 82 1
128 15 1
128 54 1
128 35 1
128 57 1
128 117 1
128 105 1
128 45 1
128 109 1
128 26 1
128 64 1
128 17 1
128 19 1
128 36 1
128 125 1
128 31 1
128 104 1
128 69 1
128 120 1
128 71 1
128 106 1
128 43 1
128 115 1
128 113 1
128 46 1
128 38 1
128 81 1
128 59 1
128 52 1
128 18 1
128 51 1
128 29 1
128 92 1
128 75 1
128 5 1
128 94 1
128 79 1
128 4 1
128 32 1
128 67 1
128 83 1
128 56 1
128 34 1
128 65 1
128 53 1
128 61 1
128 126 1
128 42 1
128 60 1
128 72 1
128 28 1
128 9 1
128 23 1
128 40 1
128 24 1
129 104 1
129 22 1
129 111 1
129 68 1
129 103 1
129 107 1
129 89 1
129 47 1
129 59 1
129 88 1
129 13 1
129 118 1
129 97 1
129 93 1
129 64 1
129 42 1
129 35 1
129 113 1
129 15 1
129 50 1
129 38 1
129 24 1
129 56 1
129 94 1
129 121 1
129 85 1
129 128 1
129 74 1
129 81 1
129 101 1
129 95 1
129 57 1
129 36 1
129 31 1
129 123 1
129 9 1
129 67 1
129 84 1
129 28 1
129 29 1
129 39 1
129 43 1
129 7 1
129 120 1
129 4 1
129 26 1
129 70 1
129 114 1
129 100 1
129 72 1
129 66 1
129 125 1
129 92 1
129 21 1
129 20 1
129 32 1
129 46 1
129 18 1
129 55 1
129 44 1
129 108 1
129 60 1
129 98 1
129 0 1
129 117 1
129 8 1
129 11 1
129 48 1
