# Nodes: 70 Edges: 600
0 11 1
0 35 1
0 57 1
0 27 1
0 6 1
1 64 1
1 34 1
1 56 1
1 25 1
1 36 1
1 54 1
1 43 1
1 49 1
1 44 1
1 35 1
1 46 1
1 41 1
1 37 1
2 41 1
2 66 1
2 0 1
2 14 1
2 55 1
3 29 1
3 2 1
3 65 1
3 4 1
3 22 1
3 31 1
4 57 1
4 30 1
4 59 1
4 40 1
4 32 1
4 28 1
4 45 1
4 36 1
5 66 1
5 32 1
5 38 1
5 18 1
5 44 1
5 64 1
5 61 1
5 16 1
5 25 1
5 69 1
5 31 1
5 12 1
5 2 1
6 49 1
6 15 1
6 67 1
6 14 1
6 41 1
6 32 1
6 11 1
6 30 1
7 30 1
7 42 1
7 5 1
7 63 1
7 2 1
7 43 1
7 34 1
7 65 1
8 35 1
8 13 1
8 4 1
8 19 1
8 65 1
8 16 1
8 44 1
8 36 1
8 49 1
8 37 1
8 58 1
9 49 1
9 59 1
9 8 1
9 15 1
9 39 1
9 30 1
9 51 1
9 34 1
9 42 1
9 60 1
9 48 1
10 52 1
10 6 1
11 22 1
11 15 1
11 51 1
11 17 1
11 12 1
11 41 1
11 37 1
11 9 1
11 16 1
11 46 1
11 47 1
12 19 1
12 35 1
12 4 1
12 47 1
12 40 1
12 64 1
13 1 1
13 23 1
13 17 1
13 49 1
13 58 1
13 61 1
13 63 1
13 4 1
13 51 1
13 15 1
14 34 1
14 46 1
14 60 1
14 44 1
14 9 1
14 67 1
15 51 1
15 40 1
15 35 1
15 24 1
15 36 1
15 5 1
15 4 1
15 0 1
15 47 1
15 43 1
15 63 1
15 69 1
15 65 1
16 4 1
16 68 1
16 41 1
16 52 1
16 46 1
16 40 1
16 5 1
16 45 1
17 46 1
17 2 1
17 7 1
17 44 1
17 12 1
17 35 1
17 29 1
18 62 1
18 6 1
18 51 1
18 22 1
18 54 1
18 1 1
18 41 1
18 28 1
19 22 1
19 36 1
19 15 1
19 57 1
19 4 1
19 53 1
19 11 1
19 3 1
19 64 1
19 67 1
20 24 1
20 1 1
20 67 1
20 60 1
20 68 1
20 36 1
20 69 1
21 18 1
21 60 1
21 7 1
21 47 1
21 52 1
21 68 1
21 23 1
21 3 1
21 33 1
21 49 1
21 48 1
22 46 1
22 4 1
22 30 1
22 13 1
22 37 1
22 59 1
22 65 1
23 12 1
23 5 1
23 9 1
23 51 1
23 4 1
23 21 1
24 25 1
24 52 1
24 5 1
24 4 1
24 68 1
24 56 1
24 7 1
24 1 1
24 28 1
24 33 1
24 27 1
24 51 1
25 35 1
25 13 1
26 4 1
26 68 1
26 45 1
26 2 1
27 68 1
27 2 1
27 0 1
27 3 1
27 49 1
27 12 1
27 9 1
27 37 1
27 7 1
28 48 1
28 58 1
28 52 1
28 10 1
28 66 1
28 68 1
28 42 1
28 23 1
28 45 1
28 47 1
28 44 1
28 65 1
28 54 1
28 21 1
28 3 1
28 7 1
29 35 1
29 57 1
29 56 1
29 20 1
29 28 1
29 12 1
29 9 1
29 30 1
29 23 1
30 21 1
30 24 1
30 45 1
30 5 1
30 39 1
31 11 1
31 36 1
31 65 1
31 46 1
31 37 1
31 64 1
31 10 1
31 26 1
31 68 1
31 22 1
31 50 1
31 30 1
32 10 1
32 40 1
32 26 1
32 67 1
32 52 1
32 48 1
32 5 1
33 28 1
33 11 1
33 25 1
33 29 1
33 21 1
33 22 1
33 54 1
33 0 1
34 42 1
34 16 1
34 66 1
34 29 1
34 0 1
35 26 1
35 17 1
35 22 1
35 61 1
35 64 1
35 45 1
35 50 1
35 34 1
35 53 1
36 53 1
36 43 1
36 28 1
36 52 1
36 24 1
36 11 1
36 51 1
36 6 1
36 44 1
36 42 1
36 47 1
37 61 1
37 50 1
37 49 1
37 62 1
37 15 1
38 48 1
38 0 1
38 59 1
38 54 1
38 34 1
39 34 1
39 21 1
39 32 1
39 56 1
39 46 1
39 55 1
39 35 1
40 2 1
40 56 1
40 29 1
40 30 1
40 60 1
40 11 1
41 38 1
41 45 1
41 43 1
41 28 1
41 20 1
41 8 1
41 27 1
41 57 1
42 34 1
42 43 1
42 21 1
42 12 1
42 46 1
42 38 1
42 56 1
42 22 1
43 66 1
43 7 1
43 57 1
43 61 1
43 62 1
43 18 1
43 34 1
43 22 1
43 41 1
43 58 1
43 39 1
44 40 1
44 68 1
44 38 1
44 65 1
44 2 1
44 31 1
44 6 1
44 25 1
44 30 1
44 11 1
44 15 1
44 7 1
44 60 1
45 34 1
45 60 1
45 18 1
45 25 1
45 19 1
45 11 1
45 36 1
46 18 1
46 38 1
46 40 1
46 48 1
46 55 1
46 61 1
47 33 1
47 34 1
47 8 1
47 29 1
47 14 1
47 37 1
48 15 1
48 68 1
48 12 1
48 54 1
48 41 1
48 38 1
48 19 1
48 23 1
48 34 1
49 62 1
49 47 1
49 19 1
49 60 1
49 27 1
49 25 1
49 5 1
49 7 1
49 69 1
49 26 1
49 16 1
50 66 1
50 61 1
50 23 1
50 45 1
50 58 1
50 37 1
50 0 1
51 64 1
51 53 1
51 67 1
51 45 1
51 57 1
51 66 1
51 63 1
51 36 1
51 20 1
52 62 1
52 10 1
52 11 1
52 9 1
52 16 1
52 41 1
52 65 1
53 59 1
53 4 1
53 48 1
53 11 1
53 27 1
53 24 1
53 30 1
53 49 1
54 3 1
54 59 1
54 58 1
54 32 1
54 13 1
55 22 1
55 26 1
55 41 1
55 66 1
55 15 1
55 8 1
55 4 1
56 51 1
56 18 1
56 69 1
56 0 1
56 37 1
56 68 1
56 6 1
56 63 1
56 13 1
56 32 1
56 28 1
57 34 1
57 14 1
57 23 1
57 62 1
57 58 1
57 7 1
57 8 1
57 6 1
57 17 1
58 30 1
58 55 1
58 47 1
58 63 1
58 54 1
58 62 1
58 59 1
59 42 1
59 64 1
59 67 1
59 49 1
59 44 1
59 21 1
59 12 1
59 1 1
60 43 1
60 6 1
60 16 1
60 10 1
61 16 1
61 12 1
61 20 1
61 19 1
61 66 1
61 31 1
61 51 1
61 11 1
61 41 1
61 54 1
61 37 1
61 38 1
61 40 1
61 48 1
61 58 1
61 42 1
61 57 1
62 48 1
62 39 1
62 20 1
62 55 1
62 24 1
62 40 1
62 11 1
62 56 1
63 26 1
63 16 1
63 30 1
63 25 1
63 62 1
63 59 1
63 28 1
63 67 1
63 57 1
63 33 1
63 2 1
63 47 1
64 54 1
64 22 1
64 66 1
64 40 1
64 47 1
64 34 1
65 34 1
65 26 1
65 53 1
65 6 1
65 56 1
66 32 1
66 8 1
66 21 1
66 60 1
66 33 1
66 52 1
67 21 1
67 27 1
67 60 1
67 31 1
67 38 1
67 4 1
67 54 1
68 31 1
68 26 1
68 41 1
68 50 1
68 34 1
69 6 1
69 20 1
69 31 1
69 44 1
69 67 1
69 38 1
69 7 1
