# Nodes: 1030 Edges: 10000
0 1012 1
0 745 1
0 525 1
0 567 1
0 31 1
0 684 1
0 324 1
0 564 1
0 675 1
0 372 1
0 769 1
0 698 1
0 323 1
1 675 1
1 318 1
1 259 1
1 969 1
1 809 1
1 847 1
1 565 1
1 591 1
1 702 1
2 486 1
2 514 1
2 274 1
2 379 1
2 643 1
2 442 1
2 458 1
2 41 1
2 179 1
2 627 1
3 789 1
3 559 1
3 493 1
3 11 1
3 478 1
3 255 1
3 367 1
4 304 1
4 346 1
4 555 1
4 696 1
4 687 1
4 104 1
4 55 1
4 29 1
4 198 1
5 419 1
5 171 1
5 417 1
5 377 1
5 226 1
5 922 1
5 511 1
6 578 1
6 471 1
6 946 1
6 650 1
6 456 1
6 1017 1
6 764 1
6 989 1
6 787 1
6 647 1
6 761 1
7 49 1
7 495 1
7 5 1
7 390 1
7 844 1
7 868 1
7 982 1
7 647 1
7 80 1
7 153 1
8 313 1
8 804 1
8 706 1
8 78 1
8 441 1
8 818 1
8 545 1
8 479 1
9 50 1
9 37 1
9 656 1
9 838 1
9 941 1
9 731 1
9 723 1
10 463 1
10 261 1
10 392 1
10 216 1
10 696 1
10 310 1
10 321 1
11 62 1
11 412 1
11 1023 1
11 598 1
12 625 1
12 961 1
12 763 1
12 599 1
12 901 1
12 1003 1
12 446 1
12 377 1
12 493 1
12 1000 1
13 290 1
13 993 1
13 623 1
13 431 1
13 268 1
13 799 1
13 401 1
13 562 1
13 705 1
13 489 1
13 191 1
13 864 1
13 84 1
14 198 1
14 40 1
14 210 1
14 352 1
14 814 1
14 300 1
14 358 1
14 338 1
14 92 1
14 142 1
14 464 1
15 998 1
15 172 1
15 245 1
15 225 1
15 653 1
15 772 1
15 147 1
15 652 1
15 149 1
15 791 1
15 216 1
15 257 1
15 417 1
15 416 1
15 654 1
15 596 1
15 859 1
16 933 1
16 685 1
16 872 1
16 622 1
16 188 1
16 457 1
16 385 1
16 285 1
16 829 1
16 992 1
17 112 1
17 151 1
17 382 1
17 760 1
18 397 1
18 9 1
18 933 1
18 288 1
18 758 1
18 519 1
18 823 1
18 791 1
18 497 1
18 566 1
18 484 1
18 726 1
18 1011 1
18 839 1
19 477 1
19 893 1
19 491 1
19 805 1
19 321 1
19 923 1
19 344 1
19 231 1
19 463 1
20 913 1
20 713 1
20 699 1
20 349 1
20 359 1
20 38 1
20 33 1
20 824 1
20 702 1
20 782 1
20 901 1
20 693 1
21 781 1
21 779 1
21 196 1
21 602 1
21 369 1
21 70 1
21 325 1
21 708 1
21 722 1
22 376 1
22 337 1
22 456 1
22 838 1
22 524 1
22 991 1
22 251 1
22 242 1
23 466 1
23 675 1
23 69 1
23 501 1
23 102 1
23 209 1
23 681 1
23 526 1
23 252 1
23 220 1
23 965 1
24 222 1
24 635 1
24 337 1
24 353 1
24 909 1
24 566 1
24 386 1
24 614 1
24 963 1
24 864 1
24 726 1
25 826 1
25 530 1
25 315 1
25 824 1
25 257 1
25 1021 1
25 861 1
25 422 1
25 815 1
25 567 1
25 319 1
26 305 1
26 447 1
26 584 1
26 573 1
26 721 1
26 587 1
26 399 1
26 208 1
26 123 1
26 346 1
26 1023 1
27 949 1
27 349 1
27 171 1
27 638 1
27 455 1
27 459 1
27 851 1
27 567 1
27 954 1
27 763 1
28 362 1
28 211 1
28 551 1
28 91 1
28 972 1
28 842 1
28 424 1
28 939 1
28 910 1
28 650 1
28 646 1
28 771 1
29 549 1
29 1025 1
29 295 1
29 628 1
29 575 1
29 770 1
29 561 1
30 13 1
30 977 1
30 553 1
30 680 1
30 93 1
30 177 1
30 1013 1
30 470 1
30 826 1
31 1011 1
31 566 1
31 205 1
31 226 1
31 986 1
31 477 1
31 321 1
31 558 1
31 901 1
31 606 1
32 673 1
32 406 1
32 223 1
32 363 1
32 730 1
33 60 1
33 482 1
33 616 1
33 551 1
33 724 1
33 739 1
33 946 1
33 563 1
33 803 1
33 1019 1
33 374 1
33 50 1
33 577 1
33 215 1
34 663 1
34 426 1
34 135 1
34 112 1
34 428 1
35 434 1
35 199 1
35 605 1
35 595 1
35 450 1
35 1004 1
35 871 1
35 265 1
35 537 1
35 216 1
35 930 1
35 212 1
35 136 1
35 726 1
36 789 1
36 683 1
36 703 1
36 129 1
36 18 1
36 926 1
36 73 1
36 481 1
36 270 1
37 220 1
37 438 1
37 375 1
37 948 1
37 766 1
37 451 1
37 911 1
37 528 1
37 492 1
37 52 1
38 651 1
38 436 1
38 774 1
38 858 1
38 891 1
38 751 1
38 942 1
38 161 1
38 553 1
38 901 1
38 253 1
39 672 1
39 911 1
39 28 1
39 942 1
39 921 1
39 688 1
39 778 1
39 604 1
39 711 1
39 290 1
39 111 1
39 425 1
39 306 1
39 899 1
40 249 1
40 1002 1
40 722 1
40 560 1
40 50 1
40 963 1
40 694 1
40 398 1
41 576 1
41 92 1
41 1026 1
41 470 1
41 777 1
41 884 1
41 496 1
41 886 1
42 303 1
42 482 1
42 629 1
42 707 1
42 125 1
42 338 1
42 803 1
42 243 1
42 641 1
42 63 1
42 258 1
42 323 1
43 706 1
43 722 1
43 37 1
43 780 1
43 349 1
43 645 1
43 381 1
44 990 1
44 445 1
44 385 1
44 100 1
44 58 1
44 467 1
44 400 1
44 406 1
44 193 1
45 275 1
45 697 1
45 745 1
45 620 1
45 863 1
45 942 1
45 474 1
45 299 1
46 648 1
46 525 1
46 251 1
46 967 1
46 398 1
46 895 1
47 791 1
47 813 1
47 412 1
47 709 1
47 503 1
47 752 1
47 391 1
47 494 1
47 177 1
47 44 1
47 45 1
48 913 1
48 879 1
48 344 1
48 732 1
48 309 1
48 35 1
48 560 1
48 944 1
48 232 1
48 141 1
48 936 1
49 170 1
49 352 1
49 45 1
49 554 1
49 167 1
49 336 1
49 914 1
50 909 1
50 609 1
50 235 1
50 868 1
50 793 1
50 485 1
50 879 1
50 521 1
50 924 1
51 93 1
51 402 1
51 211 1
52 585 1
52 8 1
52 724 1
52 595 1
52 935 1
52 38 1
52 766 1
52 259 1
53 583 1
53 94 1
53 170 1
53 24 1
53 832 1
53 678 1
53 1017 1
53 524 1
53 378 1
53 1011 1
53 995 1
54 488 1
54 208 1
54 318 1
54 528 1
54 851 1
54 891 1
54 942 1
54 745 1
54 129 1
54 1029 1
54 709 1
54 274 1
54 164 1
55 523 1
55 666 1
55 953 1
55 94 1
55 515 1
55 754 1
55 898 1
55 482 1
55 629 1
55 680 1
55 119 1
56 795 1
56 510 1
56 951 1
56 59 1
56 22 1
56 247 1
56 404 1
56 628 1
56 535 1
56 851 1
57 673 1
57 395 1
57 635 1
57 867 1
57 142 1
58 930 1
58 694 1
58 665 1
58 570 1
58 173 1
58 321 1
58 811 1
58 358 1
58 189 1
58 97 1
59 258 1
59 329 1
59 966 1
59 707 1
59 861 1
59 853 1
59 91 1
59 527 1
59 203 1
59 631 1
59 582 1
60 71 1
60 398 1
60 221 1
60 788 1
60 702 1
60 615 1
61 998 1
61 1026 1
61 351 1
61 723 1
61 169 1
61 104 1
61 112 1
61 940 1
61 955 1
61 982 1
61 314 1
62 9 1
62 543 1
62 236 1
63 979 1
63 104 1
63 317 1
63 727 1
63 1 1
63 408 1
63 493 1
63 708 1
64 17 1
64 202 1
64 440 1
64 182 1
64 923 1
64 707 1
64 960 1
64 126 1
64 873 1
64 403 1
64 419 1
64 989 1
64 690 1
64 667 1
65 4 1
65 413 1
65 743 1
65 886 1
65 929 1
65 72 1
65 960 1
65 871 1
65 798 1
65 154 1
65 68 1
66 116 1
66 392 1
66 777 1
66 892 1
66 63 1
66 587 1
67 172 1
67 12 1
67 396 1
67 132 1
67 631 1
67 152 1
67 449 1
67 850 1
67 995 1
68 590 1
68 907 1
68 946 1
68 238 1
68 485 1
68 712 1
68 74 1
68 353 1
69 387 1
69 903 1
69 466 1
69 232 1
69 161 1
70 252 1
70 153 1
70 159 1
70 605 1
70 10 1
70 945 1
71 121 1
71 375 1
71 687 1
71 215 1
71 291 1
71 302 1
71 1014 1
71 973 1
71 428 1
71 610 1
71 391 1
71 491 1
72 962 1
72 445 1
72 934 1
72 185 1
72 952 1
72 947 1
72 1003 1
72 879 1
72 870 1
72 796 1
72 899 1
72 837 1
73 230 1
73 167 1
73 648 1
73 412 1
73 980 1
73 429 1
73 803 1
73 859 1
73 283 1
73 583 1
73 334 1
73 526 1
73 204 1
73 367 1
73 198 1
74 159 1
74 396 1
74 372 1
74 457 1
74 692 1
74 527 1
74 680 1
74 602 1
75 899 1
75 467 1
75 25 1
75 996 1
75 651 1
75 1002 1
75 484 1
75 524 1
75 338 1
75 803 1
76 157 1
76 641 1
76 558 1
76 869 1
76 968 1
76 505 1
76 13 1
76 368 1
76 629 1
76 877 1
76 707 1
77 598 1
77 182 1
77 932 1
77 26 1
77 850 1
77 896 1
77 179 1
77 508 1
77 535 1
77 124 1
78 926 1
78 90 1
78 88 1
78 642 1
78 197 1
78 506 1
78 231 1
78 150 1
78 258 1
79 456 1
79 452 1
79 461 1
79 811 1
79 643 1
79 208 1
79 554 1
79 628 1
79 937 1
79 317 1
79 923 1
79 553 1
79 926 1
79 826 1
80 904 1
80 20 1
80 531 1
80 633 1
80 650 1
80 768 1
80 427 1
81 46 1
81 487 1
81 438 1
81 758 1
81 415 1
81 880 1
81 743 1
81 933 1
81 731 1
81 84 1
81 697 1
81 493 1
81 343 1
81 569 1
82 356 1
82 388 1
82 69 1
82 938 1
82 390 1
82 155 1
82 913 1
82 16 1
82 175 1
82 143 1
82 251 1
82 123 1
83 53 1
83 660 1
83 305 1
83 330 1
83 223 1
83 1027 1
83 662 1
83 825 1
83 122 1
83 828 1
83 488 1
84 362 1
84 487 1
84 192 1
84 203 1
84 932 1
84 321 1
84 781 1
84 658 1
85 178 1
85 682 1
85 8 1
85 759 1
85 566 1
85 837 1
85 796 1
85 81 1
85 570 1
85 292 1
85 327 1
85 470 1
86 663 1
86 673 1
86 860 1
86 188 1
86 236 1
86 434 1
86 251 1
86 288 1
86 865 1
87 607 1
87 449 1
87 24 1
87 74 1
87 67 1
87 759 1
87 792 1
87 90 1
87 401 1
87 22 1
87 937 1
88 526 1
88 833 1
88 11 1
88 636 1
88 892 1
88 258 1
88 949 1
88 638 1
88 78 1
88 568 1
88 43 1
88 108 1
89 254 1
89 946 1
89 976 1
89 960 1
89 205 1
89 415 1
89 994 1
89 935 1
89 19 1
89 938 1
89 49 1
89 442 1
89 490 1
90 910 1
90 644 1
90 909 1
90 702 1
90 493 1
90 168 1
90 565 1
90 950 1
90 303 1
91 958 1
91 85 1
91 668 1
91 824 1
91 1002 1
91 425 1
92 654 1
92 1020 1
92 740 1
92 45 1
92 380 1
92 839 1
92 787 1
92 903 1
92 473 1
92 485 1
93 1003 1
93 610 1
93 566 1
93 21 1
93 233 1
94 850 1
94 23 1
94 884 1
94 643 1
94 282 1
94 302 1
94 969 1
94 165 1
94 655 1
94 639 1
94 98 1
94 38 1
95 736 1
95 777 1
95 417 1
95 11 1
95 156 1
95 597 1
95 498 1
95 653 1
95 92 1
96 394 1
96 464 1
96 780 1
96 216 1
96 792 1
96 734 1
96 302 1
96 995 1
96 897 1
96 452 1
96 411 1
97 142 1
97 3 1
97 687 1
97 205 1
97 452 1
97 719 1
97 209 1
97 346 1
97 916 1
97 121 1
97 65 1
97 123 1
98 1026 1
98 15 1
98 195 1
98 380 1
98 846 1
98 730 1
98 112 1
99 830 1
99 266 1
99 531 1
99 169 1
99 521 1
99 828 1
99 730 1
99 658 1
99 30 1
99 758 1
99 600 1
99 490 1
99 864 1
100 287 1
100 54 1
100 661 1
100 807 1
100 169 1
100 369 1
100 729 1
100 821 1
101 384 1
101 16 1
101 232 1
101 912 1
101 46 1
101 104 1
101 747 1
101 739 1
102 977 1
102 435 1
102 154 1
102 99 1
102 477 1
102 839 1
102 130 1
102 76 1
102 108 1
103 521 1
103 392 1
103 58 1
103 631 1
103 507 1
103 286 1
103 933 1
103 88 1
103 420 1
103 477 1
103 313 1
104 57 1
104 607 1
104 351 1
104 83 1
104 602 1
104 131 1
104 243 1
104 828 1
104 539 1
105 1 1
105 940 1
105 824 1
105 517 1
105 213 1
105 62 1
105 149 1
106 677 1
106 670 1
106 916 1
106 534 1
106 579 1
106 292 1
106 163 1
106 276 1
106 828 1
106 665 1
106 462 1
106 378 1
106 769 1
107 433 1
107 427 1
107 670 1
107 388 1
107 460 1
107 519 1
108 130 1
108 23 1
108 499 1
108 542 1
108 6 1
108 90 1
108 785 1
108 189 1
108 166 1
109 746 1
109 581 1
109 885 1
109 969 1
109 335 1
109 631 1
109 842 1
109 142 1
109 103 1
109 407 1
109 704 1
109 688 1
109 1019 1
110 539 1
110 8 1
110 305 1
110 434 1
110 823 1
110 890 1
110 133 1
110 160 1
110 318 1
110 190 1
110 221 1
110 548 1
111 542 1
111 240 1
111 749 1
111 352 1
111 374 1
111 516 1
111 512 1
111 798 1
111 44 1
111 324 1
111 0 1
111 165 1
112 226 1
112 1009 1
112 453 1
112 279 1
112 17 1
112 774 1
112 712 1
112 987 1
112 666 1
113 759 1
113 806 1
113 374 1
113 233 1
113 952 1
113 859 1
113 937 1
113 103 1
113 220 1
113 984 1
113 693 1
113 78 1
113 886 1
114 623 1
114 934 1
114 815 1
114 95 1
114 577 1
114 155 1
114 1004 1
114 874 1
114 877 1
114 125 1
114 252 1
114 63 1
114 923 1
114 1014 1
114 901 1
114 203 1
114 750 1
115 686 1
115 818 1
115 343 1
115 850 1
115 430 1
115 701 1
115 522 1
115 941 1
116 695 1
116 459 1
116 132 1
116 330 1
116 205 1
116 737 1
116 974 1
117 376 1
117 637 1
117 98 1
117 947 1
117 334 1
117 288 1
117 464 1
118 630 1
118 38 1
118 691 1
118 662 1
118 455 1
118 986 1
119 368 1
119 167 1
119 476 1
119 75 1
119 103 1
119 29 1
119 416 1
119 420 1
120 637 1
120 52 1
120 66 1
120 325 1
120 109 1
120 633 1
120 445 1
120 665 1
120 208 1
120 533 1
120 1015 1
121 863 1
121 538 1
121 802 1
121 940 1
121 957 1
121 911 1
121 495 1
121 222 1
121 972 1
122 0 1
122 555 1
122 324 1
122 953 1
122 986 1
122 482 1
122 73 1
122 784 1
123 618 1
123 273 1
123 342 1
123 853 1
123 823 1
123 589 1
123 957 1
123 286 1
124 35 1
124 93 1
124 271 1
124 800 1
124 696 1
124 963 1
124 737 1
125 876 1
125 795 1
125 782 1
125 947 1
126 517 1
126 520 1
126 863 1
126 412 1
126 641 1
126 828 1
126 138 1
126 476 1
127 364 1
127 479 1
127 205 1
127 634 1
127 570 1
128 492 1
128 847 1
128 999 1
128 553 1
128 626 1
128 923 1
129 176 1
129 570 1
129 763 1
129 373 1
129 849 1
129 188 1
129 207 1
129 263 1
129 114 1
129 655 1
129 355 1
129 121 1
129 142 1
130 54 1
130 1007 1
130 861 1
130 668 1
130 707 1
130 887 1
130 520 1
130 152 1
130 65 1
130 700 1
130 541 1
130 386 1
131 351 1
131 592 1
131 869 1
131 525 1
131 103 1
131 49 1
131 214 1
131 862 1
131 804 1
131 526 1
132 969 1
132 699 1
132 932 1
132 465 1
132 753 1
132 772 1
132 270 1
132 612 1
132 615 1
132 961 1
132 335 1
133 363 1
133 110 1
133 120 1
133 954 1
133 233 1
133 272 1
133 502 1
133 314 1
133 466 1
133 324 1
133 155 1
133 686 1
134 726 1
134 405 1
134 771 1
134 373 1
134 747 1
134 276 1
134 43 1
134 779 1
134 41 1
134 335 1
134 127 1
134 282 1
134 391 1
134 294 1
135 56 1
135 419 1
135 1014 1
135 293 1
135 230 1
135 363 1
135 598 1
135 1011 1
135 214 1
135 212 1
135 552 1
135 893 1
135 399 1
136 554 1
136 358 1
136 538 1
136 732 1
136 46 1
136 945 1
136 331 1
136 354 1
137 843 1
137 102 1
137 496 1
137 214 1
137 723 1
137 354 1
137 691 1
137 236 1
137 27 1
137 704 1
138 402 1
138 486 1
138 685 1
138 340 1
138 721 1
138 401 1
138 128 1
138 738 1
138 193 1
138 151 1
139 317 1
139 553 1
139 25 1
139 540 1
139 289 1
139 55 1
139 120 1
139 354 1
139 345 1
140 117 1
140 516 1
140 871 1
140 157 1
140 565 1
140 904 1
140 176 1
140 616 1
140 165 1
140 579 1
140 397 1
140 727 1
140 663 1
140 582 1
140 958 1
140 531 1
140 944 1
140 83 1
140 562 1
140 352 1
140 18 1
140 394 1
140 831 1
141 1017 1
141 763 1
141 196 1
141 782 1
141 976 1
141 522 1
141 728 1
141 637 1
141 666 1
141 435 1
142 964 1
142 230 1
142 602 1
142 188 1
142 41 1
142 519 1
142 106 1
142 1 1
142 490 1
143 528 1
143 466 1
143 332 1
143 131 1
143 809 1
143 991 1
143 566 1
143 249 1
143 118 1
143 278 1
144 414 1
144 677 1
144 553 1
144 800 1
144 693 1
144 367 1
144 661 1
144 272 1
145 195 1
145 645 1
145 655 1
145 473 1
145 515 1
145 779 1
145 963 1
145 45 1
145 722 1
145 671 1
146 609 1
146 911 1
146 643 1
146 898 1
146 149 1
146 624 1
146 490 1
146 73 1
146 848 1
146 526 1
146 505 1
147 626 1
147 53 1
147 754 1
147 1019 1
147 631 1
147 460 1
147 217 1
147 344 1
148 234 1
148 584 1
148 338 1
148 1004 1
148 190 1
148 38 1
148 797 1
148 729 1
148 121 1
148 402 1
148 540 1
148 533 1
148 851 1
148 163 1
148 577 1
149 777 1
149 599 1
149 198 1
149 567 1
149 254 1
149 568 1
149 635 1
149 790 1
149 103 1
149 137 1
149 348 1
149 741 1
150 452 1
150 299 1
150 352 1
150 662 1
150 481 1
150 389 1
151 285 1
151 957 1
151 6 1
151 965 1
151 637 1
151 231 1
151 478 1
151 85 1
151 3 1
151 613 1
152 82 1
152 350 1
152 1004 1
152 436 1
152 131 1
152 897 1
153 286 1
153 343 1
153 230 1
153 436 1
153 547 1
153 527 1
153 474 1
154 492 1
154 421 1
154 406 1
154 496 1
154 258 1
154 218 1
154 781 1
155 145 1
155 999 1
155 713 1
155 500 1
155 780 1
155 948 1
155 396 1
155 154 1
155 680 1
155 974 1
156 592 1
156 570 1
156 190 1
156 1016 1
156 900 1
156 345 1
156 229 1
156 981 1
156 717 1
156 705 1
156 734 1
156 271 1
156 953 1
156 317 1
156 187 1
156 112 1
157 338 1
157 788 1
157 847 1
157 621 1
157 882 1
157 50 1
157 950 1
157 1013 1
157 149 1
157 795 1
158 354 1
158 548 1
158 652 1
158 639 1
158 372 1
158 877 1
158 862 1
158 136 1
158 830 1
158 988 1
158 67 1
158 490 1
158 711 1
159 912 1
159 107 1
159 510 1
159 640 1
159 290 1
159 230 1
159 424 1
159 185 1
160 950 1
160 341 1
160 588 1
160 424 1
160 421 1
160 509 1
160 354 1
160 977 1
161 70 1
161 325 1
161 256 1
161 447 1
161 382 1
161 566 1
161 38 1
162 928 1
162 158 1
162 961 1
162 988 1
162 651 1
162 241 1
163 554 1
163 703 1
163 937 1
163 486 1
163 51 1
164 954 1
164 418 1
164 326 1
164 698 1
164 448 1
164 141 1
164 764 1
164 488 1
164 128 1
164 125 1
164 574 1
164 796 1
164 89 1
164 945 1
164 918 1
164 897 1
164 600 1
165 113 1
165 255 1
165 376 1
165 922 1
165 362 1
165 699 1
165 52 1
165 920 1
165 462 1
165 142 1
165 467 1
165 304 1
166 759 1
166 961 1
166 769 1
166 480 1
166 1017 1
166 351 1
166 237 1
166 639 1
166 209 1
166 774 1
166 283 1
166 708 1
167 195 1
167 249 1
167 959 1
167 112 1
167 831 1
167 722 1
167 903 1
167 256 1
167 546 1
167 971 1
167 658 1
167 175 1
167 87 1
167 50 1
167 349 1
167 387 1
167 155 1
168 990 1
168 632 1
168 106 1
168 335 1
168 20 1
168 791 1
168 852 1
168 816 1
168 23 1
169 509 1
169 259 1
169 12 1
169 577 1
169 982 1
169 1020 1
169 30 1
170 114 1
170 313 1
170 485 1
170 755 1
170 571 1
170 887 1
170 163 1
170 77 1
170 1018 1
170 370 1
170 232 1
171 609 1
171 999 1
171 955 1
171 284 1
171 517 1
171 865 1
171 562 1
171 538 1
171 497 1
171 256 1
171 581 1
172 457 1
172 671 1
172 118 1
172 860 1
172 753 1
172 436 1
172 750 1
172 808 1
172 132 1
172 601 1
172 221 1
172 759 1
172 350 1
173 254 1
173 569 1
173 831 1
173 933 1
173 751 1
173 31 1
173 487 1
173 758 1
174 1007 1
174 743 1
174 75 1
174 128 1
174 537 1
174 284 1
174 499 1
174 939 1
174 660 1
174 20 1
174 691 1
174 602 1
174 734 1
175 983 1
175 871 1
175 224 1
175 532 1
175 51 1
175 667 1
175 60 1
175 592 1
175 326 1
175 294 1
175 988 1
175 38 1
175 966 1
176 52 1
176 962 1
176 228 1
176 726 1
176 472 1
176 74 1
176 892 1
176 325 1
176 543 1
176 700 1
176 189 1
177 623 1
177 270 1
177 716 1
177 935 1
177 1027 1
177 92 1
177 286 1
177 908 1
177 95 1
177 287 1
177 127 1
177 671 1
177 555 1
177 630 1
177 534 1
177 884 1
177 275 1
178 958 1
178 711 1
178 217 1
178 296 1
178 158 1
178 308 1
179 294 1
179 890 1
179 242 1
179 923 1
179 355 1
179 517 1
179 640 1
179 407 1
179 902 1
179 656 1
179 372 1
179 690 1
179 562 1
179 668 1
179 594 1
179 333 1
179 487 1
179 115 1
179 904 1
179 762 1
179 238 1
180 859 1
180 710 1
180 140 1
180 538 1
180 479 1
180 409 1
180 442 1
181 655 1
181 202 1
181 672 1
181 905 1
181 622 1
181 319 1
181 626 1
181 36 1
181 716 1
181 135 1
181 433 1
182 793 1
182 304 1
182 245 1
182 1018 1
182 249 1
182 463 1
182 158 1
182 949 1
182 844 1
182 930 1
182 959 1
183 593 1
183 215 1
183 654 1
183 845 1
183 63 1
183 210 1
183 600 1
183 921 1
183 1020 1
183 879 1
183 280 1
183 265 1
184 17 1
184 895 1
184 228 1
184 220 1
184 112 1
184 627 1
184 12 1
184 148 1
184 334 1
185 267 1
185 555 1
185 423 1
185 287 1
185 497 1
185 61 1
185 135 1
185 123 1
185 600 1
185 140 1
185 421 1
185 259 1
185 195 1
185 776 1
185 163 1
186 464 1
186 449 1
186 651 1
186 214 1
186 251 1
186 130 1
186 19 1
186 653 1
186 960 1
186 776 1
186 1010 1
186 609 1
186 478 1
187 557 1
187 613 1
187 433 1
187 928 1
187 937 1
187 334 1
187 1024 1
187 69 1
187 976 1
187 247 1
187 870 1
187 511 1
187 995 1
187 783 1
188 375 1
188 566 1
188 969 1
188 650 1
188 826 1
188 699 1
188 723 1
188 910 1
189 172 1
189 267 1
189 0 1
189 835 1
189 490 1
189 153 1
189 199 1
189 165 1
189 88 1
189 141 1
189 600 1
189 197 1
190 367 1
190 700 1
190 621 1
190 831 1
190 169 1
190 599 1
191 243 1
191 378 1
191 485 1
191 506 1
191 609 1
191 480 1
191 740 1
191 427 1
191 28 1
191 419 1
191 304 1
191 882 1
192 727 1
192 883 1
192 776 1
192 124 1
192 653 1
192 555 1
193 537 1
193 955 1
193 393 1
193 671 1
193 364 1
193 1023 1
193 546 1
193 112 1
193 460 1
193 856 1
194 1001 1
194 826 1
194 521 1
194 867 1
194 263 1
194 671 1
194 713 1
194 1016 1
194 674 1
194 1019 1
195 698 1
195 880 1
195 291 1
195 302 1
195 31 1
195 536 1
195 206 1
195 844 1
195 851 1
196 248 1
196 235 1
196 1007 1
196 426 1
196 297 1
196 434 1
196 148 1
196 558 1
197 346 1
197 533 1
197 188 1
197 741 1
197 4 1
197 887 1
197 172 1
197 665 1
198 543 1
198 53 1
198 360 1
198 723 1
198 475 1
198 245 1
198 664 1
198 632 1
198 616 1
199 987 1
199 65 1
199 638 1
199 968 1
199 248 1
199 179 1
199 628 1
199 169 1
199 783 1
199 212 1
200 42 1
200 719 1
200 116 1
200 801 1
200 780 1
200 304 1
200 800 1
200 329 1
200 725 1
200 911 1
201 317 1
201 573 1
201 629 1
201 898 1
201 284 1
201 108 1
201 165 1
202 462 1
202 615 1
202 743 1
202 120 1
202 982 1
202 332 1
202 390 1
202 986 1
203 855 1
203 354 1
203 590 1
203 577 1
203 893 1
203 421 1
203 788 1
203 111 1
203 775 1
204 761 1
204 395 1
204 513 1
204 942 1
204 911 1
204 587 1
204 57 1
204 993 1
204 734 1
205 844 1
205 521 1
205 213 1
205 906 1
205 372 1
205 109 1
205 993 1
205 287 1
205 454 1
206 312 1
206 659 1
206 765 1
206 800 1
206 387 1
206 355 1
206 286 1
206 442 1
206 295 1
206 83 1
207 818 1
207 378 1
207 693 1
207 947 1
207 230 1
207 240 1
208 133 1
208 525 1
208 175 1
208 193 1
208 766 1
208 986 1
208 885 1
208 18 1
208 623 1
208 473 1
208 74 1
209 225 1
209 371 1
209 687 1
209 132 1
209 664 1
209 480 1
209 619 1
209 21 1
210 636 1
210 981 1
210 215 1
210 334 1
210 565 1
211 374 1
211 882 1
211 148 1
211 719 1
211 98 1
211 778 1
211 157 1
211 59 1
211 118 1
211 813 1
211 112 1
212 765 1
212 143 1
212 240 1
212 666 1
212 429 1
212 159 1
212 880 1
212 507 1
212 403 1
212 804 1
212 746 1
212 615 1
212 542 1
212 539 1
213 265 1
213 295 1
213 564 1
213 450 1
213 391 1
213 1014 1
213 680 1
213 579 1
213 162 1
213 12 1
213 64 1
214 572 1
214 191 1
214 307 1
214 474 1
214 668 1
214 315 1
215 506 1
215 28 1
215 146 1
215 320 1
215 187 1
215 517 1
215 984 1
215 423 1
215 510 1
215 782 1
215 24 1
215 381 1
216 583 1
216 165 1
216 753 1
216 212 1
216 339 1
216 1016 1
216 67 1
216 560 1
216 998 1
216 731 1
217 466 1
217 90 1
217 814 1
217 294 1
217 568 1
217 495 1
217 270 1
217 226 1
217 607 1
217 108 1
218 454 1
218 671 1
218 242 1
218 1013 1
218 638 1
218 686 1
218 697 1
218 924 1
218 719 1
219 126 1
219 786 1
219 256 1
219 755 1
219 9 1
219 983 1
219 337 1
219 606 1
219 418 1
219 804 1
219 285 1
219 409 1
220 643 1
220 696 1
220 232 1
220 529 1
220 317 1
220 852 1
221 924 1
221 628 1
221 589 1
221 816 1
221 908 1
221 995 1
221 597 1
221 94 1
221 50 1
221 952 1
222 376 1
222 912 1
222 704 1
222 833 1
222 599 1
222 967 1
223 482 1
223 746 1
223 321 1
223 298 1
223 267 1
223 740 1
224 64 1
224 145 1
224 492 1
224 929 1
224 267 1
224 502 1
224 369 1
225 240 1
225 622 1
225 967 1
225 738 1
225 505 1
225 243 1
225 308 1
225 911 1
226 65 1
226 465 1
226 952 1
226 202 1
226 659 1
226 1029 1
227 942 1
227 811 1
227 267 1
227 312 1
227 680 1
227 807 1
227 328 1
227 757 1
227 865 1
228 563 1
228 813 1
228 979 1
228 285 1
228 844 1
228 692 1
228 357 1
228 201 1
228 534 1
228 490 1
228 646 1
228 504 1
228 246 1
229 619 1
229 1019 1
229 625 1
229 972 1
229 150 1
230 428 1
230 432 1
230 544 1
230 853 1
230 712 1
230 948 1
230 260 1
230 315 1
230 574 1
230 238 1
230 66 1
231 668 1
231 562 1
231 620 1
231 667 1
231 168 1
231 509 1
231 869 1
231 1010 1
231 1015 1
232 867 1
232 780 1
232 856 1
232 946 1
232 159 1
232 48 1
233 477 1
233 604 1
233 700 1
233 548 1
233 422 1
233 325 1
233 517 1
233 589 1
233 320 1
234 901 1
234 5 1
234 689 1
234 717 1
234 770 1
234 256 1
234 416 1
234 423 1
234 239 1
234 18 1
235 64 1
235 44 1
235 812 1
235 928 1
235 65 1
235 596 1
235 300 1
235 539 1
235 716 1
236 181 1
236 289 1
236 570 1
236 733 1
236 493 1
236 402 1
236 259 1
236 635 1
236 647 1
236 641 1
236 489 1
236 314 1
236 685 1
237 399 1
237 848 1
237 518 1
237 364 1
237 379 1
237 741 1
237 907 1
237 198 1
237 743 1
237 753 1
237 1015 1
238 646 1
238 145 1
238 586 1
238 184 1
238 501 1
238 225 1
238 417 1
238 954 1
238 24 1
238 416 1
239 992 1
239 649 1
239 470 1
239 718 1
239 279 1
239 892 1
239 660 1
239 273 1
239 938 1
239 50 1
239 287 1
239 552 1
239 573 1
239 651 1
240 167 1
240 899 1
240 394 1
240 110 1
240 922 1
240 555 1
240 300 1
240 434 1
240 895 1
240 879 1
240 703 1
240 615 1
240 882 1
241 334 1
241 106 1
241 1029 1
241 339 1
241 654 1
241 280 1
241 346 1
242 788 1
242 1018 1
242 657 1
242 222 1
242 681 1
242 924 1
242 299 1
242 188 1
242 978 1
242 170 1
242 620 1
243 811 1
243 626 1
243 10 1
243 722 1
243 929 1
243 610 1
243 868 1
243 691 1
243 290 1
243 700 1
243 140 1
243 306 1
243 741 1
244 165 1
244 432 1
244 389 1
244 438 1
244 752 1
245 221 1
245 288 1
245 912 1
245 33 1
245 848 1
245 727 1
245 525 1
245 68 1
245 920 1
246 359 1
246 171 1
246 879 1
246 363 1
246 932 1
246 471 1
246 71 1
246 679 1
246 618 1
247 635 1
247 300 1
247 310 1
247 953 1
247 468 1
247 733 1
247 394 1
248 115 1
248 818 1
248 469 1
248 39 1
248 950 1
248 346 1
248 314 1
248 224 1
249 784 1
249 714 1
249 654 1
249 176 1
249 555 1
249 732 1
249 926 1
249 381 1
249 467 1
249 38 1
249 659 1
249 702 1
249 533 1
250 174 1
250 494 1
250 509 1
250 893 1
250 804 1
251 88 1
251 450 1
251 375 1
251 578 1
251 704 1
251 89 1
251 970 1
251 133 1
251 249 1
251 575 1
252 287 1
252 606 1
252 874 1
252 0 1
252 318 1
252 855 1
252 283 1
252 640 1
252 715 1
252 820 1
253 440 1
253 554 1
253 439 1
253 995 1
253 725 1
253 975 1
253 103 1
253 235 1
253 781 1
253 204 1
254 315 1
254 827 1
254 420 1
254 287 1
254 165 1
254 261 1
255 765 1
255 398 1
255 524 1
255 458 1
255 918 1
255 351 1
255 244 1
255 800 1
255 729 1
255 521 1
255 8 1
255 693 1
255 972 1
255 217 1
255 536 1
255 858 1
255 910 1
255 98 1
256 716 1
256 735 1
256 55 1
256 202 1
256 883 1
256 489 1
256 354 1
256 306 1
256 813 1
256 391 1
257 80 1
257 436 1
257 820 1
258 7 1
258 115 1
258 237 1
258 470 1
258 816 1
258 370 1
258 909 1
258 804 1
258 468 1
259 862 1
259 828 1
259 315 1
259 462 1
259 373 1
259 236 1
259 885 1
259 505 1
259 2 1
259 643 1
259 391 1
259 776 1
259 407 1
259 56 1
259 433 1
260 378 1
260 18 1
260 567 1
260 9 1
260 385 1
260 347 1
260 10 1
260 904 1
260 982 1
260 86 1
260 234 1
260 597 1
260 177 1
260 102 1
260 806 1
261 103 1
261 936 1
261 564 1
261 984 1
261 226 1
261 967 1
261 441 1
261 788 1
262 374 1
262 822 1
262 793 1
262 949 1
262 680 1
262 739 1
262 116 1
262 720 1
262 319 1
262 355 1
262 797 1
262 674 1
262 650 1
262 365 1
262 787 1
262 1011 1
263 168 1
263 749 1
263 413 1
263 241 1
263 916 1
263 728 1
263 983 1
263 528 1
263 226 1
263 503 1
264 648 1
264 789 1
264 845 1
264 127 1
264 277 1
264 29 1
264 319 1
264 422 1
264 825 1
264 702 1
264 954 1
265 92 1
265 298 1
265 647 1
265 648 1
265 580 1
265 299 1
265 691 1
265 268 1
265 534 1
265 453 1
265 613 1
266 725 1
266 202 1
266 265 1
266 664 1
266 985 1
266 414 1
266 274 1
266 374 1
266 860 1
267 856 1
267 1008 1
267 872 1
267 715 1
267 837 1
267 911 1
267 843 1
267 739 1
268 485 1
268 625 1
268 33 1
268 705 1
268 770 1
268 697 1
268 646 1
268 161 1
268 356 1
268 234 1
268 311 1
269 503 1
269 419 1
269 98 1
269 264 1
269 89 1
269 481 1
269 194 1
269 101 1
269 675 1
270 832 1
270 630 1
270 641 1
270 190 1
270 907 1
270 124 1
270 502 1
270 562 1
270 850 1
270 601 1
270 873 1
270 764 1
271 608 1
271 738 1
271 500 1
271 867 1
271 253 1
271 649 1
271 1006 1
271 913 1
272 221 1
272 715 1
272 590 1
272 859 1
272 358 1
272 764 1
272 585 1
272 858 1
272 589 1
272 253 1
272 321 1
272 378 1
272 729 1
273 602 1
273 129 1
273 904 1
273 310 1
273 364 1
273 684 1
274 511 1
274 944 1
274 323 1
274 335 1
274 589 1
274 752 1
274 479 1
274 208 1
274 337 1
275 523 1
275 841 1
275 320 1
275 374 1
275 481 1
275 800 1
275 689 1
275 685 1
275 200 1
275 240 1
275 444 1
275 326 1
275 343 1
276 273 1
276 57 1
276 925 1
276 776 1
276 313 1
276 374 1
276 640 1
276 444 1
276 130 1
276 854 1
276 417 1
276 233 1
277 255 1
277 534 1
277 738 1
277 58 1
277 568 1
277 696 1
277 380 1
277 508 1
277 152 1
277 144 1
277 812 1
277 100 1
277 281 1
277 827 1
277 629 1
278 142 1
278 296 1
278 162 1
278 924 1
278 42 1
279 990 1
279 291 1
279 672 1
279 912 1
279 833 1
279 629 1
279 370 1
279 638 1
279 55 1
279 520 1
279 1027 1
279 508 1
279 951 1
279 900 1
280 287 1
280 755 1
280 547 1
280 876 1
280 595 1
280 931 1
280 64 1
280 718 1
280 661 1
280 733 1
280 681 1
280 396 1
280 1007 1
281 286 1
281 468 1
281 629 1
281 34 1
281 351 1
281 561 1
281 757 1
281 567 1
282 261 1
282 74 1
282 434 1
282 287 1
282 870 1
282 576 1
282 294 1
282 702 1
283 975 1
283 509 1
283 396 1
283 354 1
283 461 1
283 470 1
283 31 1
283 729 1
283 997 1
283 703 1
283 286 1
283 921 1
283 383 1
283 156 1
284 227 1
284 972 1
284 711 1
284 654 1
284 823 1
284 72 1
284 176 1
284 602 1
284 79 1
285 997 1
285 1002 1
285 845 1
285 833 1
285 459 1
285 357 1
285 810 1
285 252 1
285 263 1
285 561 1
285 752 1
285 657 1
286 917 1
286 228 1
286 654 1
286 991 1
286 617 1
286 630 1
286 821 1
287 618 1
287 624 1
287 15 1
287 614 1
287 605 1
287 389 1
287 314 1
288 687 1
288 476 1
288 188 1
288 505 1
288 980 1
288 978 1
289 840 1
289 928 1
289 369 1
289 208 1
289 572 1
289 190 1
289 591 1
289 905 1
289 381 1
289 696 1
289 386 1
289 593 1
290 156 1
290 344 1
290 636 1
290 60 1
290 202 1
290 245 1
290 861 1
290 358 1
290 922 1
290 614 1
291 377 1
291 536 1
291 243 1
291 154 1
292 257 1
292 1015 1
292 245 1
292 944 1
292 536 1
292 34 1
292 1025 1
292 342 1
293 493 1
293 766 1
293 331 1
293 929 1
293 627 1
293 958 1
293 214 1
293 244 1
293 982 1
294 129 1
294 549 1
294 712 1
294 639 1
294 493 1
295 466 1
295 29 1
295 504 1
295 551 1
295 916 1
295 704 1
295 59 1
295 652 1
295 379 1
296 29 1
296 513 1
296 750 1
296 817 1
296 443 1
296 776 1
296 501 1
296 26 1
296 221 1
296 58 1
296 85 1
296 486 1
297 220 1
297 876 1
297 67 1
297 406 1
297 153 1
297 102 1
297 99 1
297 26 1
297 370 1
297 355 1
298 224 1
298 372 1
298 802 1
298 871 1
298 849 1
298 382 1
298 22 1
298 216 1
298 666 1
298 599 1
298 565 1
299 700 1
299 987 1
299 546 1
299 740 1
299 477 1
299 662 1
299 641 1
299 152 1
299 832 1
299 66 1
299 758 1
299 667 1
299 201 1
299 643 1
300 115 1
300 903 1
300 205 1
300 1005 1
300 634 1
300 592 1
300 505 1
300 965 1
300 385 1
300 604 1
300 744 1
301 528 1
301 644 1
301 451 1
301 491 1
301 366 1
301 927 1
302 477 1
302 163 1
302 422 1
302 149 1
302 206 1
302 586 1
302 948 1
302 387 1
302 328 1
302 770 1
303 867 1
303 952 1
303 808 1
303 408 1
303 16 1
303 430 1
303 154 1
303 167 1
303 677 1
303 754 1
303 141 1
304 430 1
304 985 1
304 433 1
304 733 1
304 266 1
304 589 1
304 248 1
304 837 1
305 547 1
305 715 1
305 459 1
305 589 1
305 263 1
305 872 1
305 417 1
305 668 1
305 735 1
305 757 1
305 458 1
305 667 1
306 780 1
306 151 1
306 873 1
306 21 1
306 514 1
306 48 1
306 481 1
306 487 1
306 38 1
306 112 1
306 461 1
306 717 1
306 310 1
306 390 1
307 14 1
307 819 1
307 184 1
307 13 1
307 888 1
307 528 1
307 832 1
308 741 1
308 726 1
308 161 1
308 334 1
308 618 1
308 34 1
308 922 1
308 490 1
309 656 1
309 269 1
309 522 1
309 100 1
309 930 1
309 196 1
309 479 1
310 242 1
310 250 1
310 575 1
310 618 1
310 668 1
310 778 1
310 85 1
310 438 1
310 412 1
310 308 1
310 799 1
311 267 1
311 236 1
311 35 1
311 319 1
311 739 1
311 971 1
311 849 1
311 161 1
311 730 1
312 1010 1
312 328 1
312 58 1
312 771 1
312 906 1
312 761 1
312 972 1
312 792 1
312 323 1
312 574 1
312 1025 1
312 894 1
312 43 1
313 558 1
313 453 1
313 99 1
313 546 1
313 737 1
313 981 1
314 176 1
314 426 1
314 680 1
314 588 1
314 3 1
314 549 1
314 864 1
314 583 1
315 820 1
315 596 1
315 173 1
315 994 1
315 439 1
315 796 1
315 420 1
315 33 1
315 9 1
315 352 1
315 581 1
316 29 1
316 863 1
316 713 1
316 266 1
316 612 1
316 783 1
316 761 1
316 286 1
316 979 1
317 203 1
317 888 1
317 33 1
317 517 1
317 580 1
317 490 1
317 916 1
317 762 1
317 105 1
318 353 1
318 739 1
318 471 1
318 812 1
318 443 1
318 732 1
318 55 1
318 463 1
318 629 1
318 392 1
318 880 1
318 524 1
319 425 1
319 582 1
319 893 1
319 169 1
319 900 1
319 536 1
319 323 1
319 468 1
319 948 1
319 889 1
320 112 1
320 423 1
320 913 1
320 688 1
320 657 1
320 996 1
320 152 1
320 745 1
320 960 1
320 415 1
320 52 1
320 202 1
321 1026 1
321 959 1
321 71 1
321 175 1
321 497 1
321 1002 1
321 313 1
321 861 1
322 775 1
322 626 1
322 128 1
322 860 1
323 154 1
323 552 1
323 322 1
323 419 1
323 541 1
323 629 1
323 452 1
323 582 1
324 655 1
324 221 1
324 501 1
324 10 1
324 487 1
324 1026 1
324 660 1
324 486 1
324 348 1
324 304 1
324 774 1
325 397 1
325 624 1
325 115 1
325 315 1
325 963 1
325 1009 1
325 1002 1
325 161 1
325 248 1
326 598 1
326 305 1
326 662 1
326 267 1
326 303 1
326 82 1
326 533 1
327 634 1
327 227 1
327 660 1
327 155 1
327 207 1
327 836 1
327 314 1
327 789 1
327 605 1
327 368 1
327 841 1
328 163 1
328 970 1
328 928 1
328 236 1
328 580 1
328 763 1
328 228 1
328 794 1
328 735 1
328 7 1
328 857 1
329 619 1
329 992 1
329 69 1
329 621 1
329 876 1
329 666 1
330 577 1
330 540 1
330 611 1
330 922 1
330 131 1
330 137 1
330 112 1
330 371 1
331 800 1
331 555 1
331 640 1
331 974 1
331 111 1
331 833 1
331 829 1
331 928 1
332 653 1
332 1026 1
332 17 1
332 890 1
332 1023 1
332 485 1
332 458 1
332 68 1
333 992 1
333 720 1
333 908 1
333 568 1
333 528 1
333 556 1
333 426 1
333 466 1
333 389 1
333 503 1
333 18 1
333 909 1
333 853 1
333 673 1
334 612 1
334 118 1
334 834 1
334 309 1
334 610 1
334 757 1
334 215 1
334 967 1
334 220 1
335 363 1
335 228 1
335 542 1
335 920 1
335 907 1
335 225 1
335 933 1
335 733 1
336 745 1
336 165 1
336 464 1
336 177 1
337 444 1
337 630 1
337 1003 1
337 327 1
337 389 1
337 895 1
337 921 1
337 142 1
337 503 1
337 927 1
337 722 1
337 484 1
337 1015 1
338 796 1
338 168 1
338 140 1
338 732 1
338 52 1
339 556 1
339 629 1
339 923 1
339 28 1
339 795 1
339 225 1
339 871 1
339 144 1
339 192 1
339 31 1
339 551 1
340 951 1
340 892 1
340 217 1
340 446 1
340 531 1
340 309 1
341 874 1
341 806 1
341 775 1
341 59 1
341 1029 1
341 865 1
341 817 1
341 480 1
342 978 1
342 567 1
342 1029 1
342 449 1
342 286 1
342 47 1
342 759 1
342 905 1
342 951 1
342 1010 1
342 780 1
342 686 1
343 184 1
343 493 1
343 187 1
343 985 1
343 82 1
343 166 1
343 249 1
343 648 1
343 373 1
343 14 1
343 441 1
343 548 1
343 487 1
343 101 1
344 338 1
344 533 1
344 915 1
344 50 1
344 483 1
344 312 1
345 575 1
345 808 1
345 905 1
345 211 1
345 549 1
345 718 1
345 411 1
345 536 1
345 650 1
346 387 1
346 360 1
346 839 1
346 335 1
346 710 1
346 816 1
346 339 1
346 491 1
346 340 1
347 988 1
347 192 1
347 72 1
347 995 1
347 463 1
347 1026 1
347 263 1
347 933 1
347 215 1
347 149 1
347 930 1
347 789 1
348 373 1
348 981 1
348 622 1
348 248 1
348 115 1
348 99 1
348 534 1
349 457 1
349 698 1
349 297 1
349 226 1
349 478 1
349 280 1
349 35 1
349 270 1
349 314 1
349 12 1
349 520 1
349 1025 1
349 440 1
350 1009 1
350 558 1
350 672 1
350 994 1
350 89 1
350 59 1
350 500 1
350 740 1
350 910 1
350 913 1
350 554 1
350 19 1
350 743 1
350 250 1
350 866 1
350 149 1
351 180 1
351 1004 1
351 82 1
351 134 1
351 363 1
351 171 1
351 646 1
351 514 1
352 449 1
352 303 1
352 636 1
352 499 1
352 955 1
352 126 1
352 722 1
352 878 1
352 1014 1
352 276 1
352 463 1
352 973 1
352 981 1
352 363 1
352 245 1
353 583 1
353 91 1
353 500 1
353 631 1
353 969 1
353 181 1
353 769 1
353 698 1
353 291 1
353 296 1
353 390 1
353 976 1
353 492 1
354 467 1
354 1008 1
354 622 1
354 623 1
354 289 1
354 627 1
354 940 1
354 709 1
354 953 1
355 618 1
355 605 1
355 913 1
355 874 1
355 751 1
355 399 1
355 933 1
355 254 1
355 406 1
355 12 1
356 768 1
356 747 1
356 452 1
356 396 1
356 106 1
356 298 1
356 669 1
356 461 1
356 661 1
356 822 1
356 409 1
357 226 1
357 339 1
357 276 1
357 243 1
358 353 1
358 146 1
358 356 1
358 60 1
358 292 1
358 862 1
358 315 1
358 311 1
359 493 1
359 30 1
359 626 1
359 566 1
359 283 1
359 738 1
359 451 1
359 430 1
360 865 1
360 847 1
360 76 1
360 981 1
360 172 1
360 188 1
360 399 1
360 774 1
360 135 1
360 642 1
361 548 1
361 1008 1
361 317 1
361 507 1
361 331 1
361 157 1
362 304 1
362 502 1
362 20 1
362 547 1
362 762 1
362 616 1
362 316 1
362 931 1
362 614 1
362 556 1
362 811 1
362 501 1
362 1023 1
362 910 1
363 708 1
363 155 1
363 856 1
363 873 1
363 832 1
363 241 1
363 245 1
363 605 1
363 1020 1
363 978 1
363 946 1
363 573 1
364 532 1
364 206 1
364 38 1
364 48 1
364 4 1
364 507 1
364 869 1
364 49 1
364 374 1
364 317 1
364 962 1
364 288 1
364 21 1
364 247 1
364 902 1
365 114 1
365 278 1
365 909 1
365 739 1
365 520 1
365 607 1
365 710 1
365 834 1
365 482 1
366 733 1
366 410 1
366 245 1
366 1011 1
366 158 1
366 893 1
366 424 1
366 161 1
366 876 1
366 638 1
366 825 1
366 186 1
366 964 1
367 842 1
367 847 1
367 271 1
367 279 1
367 301 1
367 503 1
367 159 1
367 410 1
367 877 1
367 608 1
367 53 1
368 266 1
368 505 1
368 126 1
368 434 1
368 765 1
368 660 1
368 540 1
368 554 1
368 477 1
368 951 1
368 344 1
368 1010 1
368 143 1
368 216 1
368 120 1
369 572 1
369 975 1
369 421 1
369 444 1
369 687 1
369 31 1
369 246 1
369 889 1
369 930 1
369 90 1
369 581 1
369 487 1
369 561 1
370 908 1
370 378 1
370 560 1
370 563 1
370 979 1
370 452 1
370 247 1
371 41 1
371 500 1
371 105 1
371 993 1
371 917 1
371 666 1
372 819 1
372 660 1
372 84 1
372 795 1
372 814 1
372 309 1
373 599 1
373 1023 1
373 625 1
373 42 1
373 317 1
373 628 1
373 817 1
373 543 1
373 568 1
373 306 1
374 739 1
374 299 1
374 645 1
375 576 1
375 201 1
375 222 1
375 527 1
375 565 1
375 61 1
375 505 1
375 427 1
375 521 1
376 813 1
376 370 1
376 910 1
376 641 1
376 795 1
376 934 1
376 859 1
376 296 1
376 772 1
376 554 1
377 150 1
377 766 1
377 810 1
377 164 1
377 928 1
377 732 1
377 822 1
377 389 1
377 11 1
377 96 1
377 456 1
377 931 1
377 128 1
378 142 1
378 335 1
378 251 1
378 10 1
378 432 1
378 821 1
378 179 1
379 443 1
379 118 1
379 432 1
379 2 1
379 141 1
379 289 1
379 669 1
379 375 1
379 231 1
380 372 1
380 561 1
380 956 1
380 596 1
380 573 1
380 944 1
380 199 1
380 1024 1
380 788 1
380 1026 1
380 495 1
380 141 1
381 1020 1
381 838 1
381 778 1
381 859 1
381 638 1
381 904 1
381 910 1
381 455 1
381 614 1
381 547 1
382 969 1
382 469 1
382 435 1
382 893 1
382 874 1
382 1028 1
382 199 1
382 931 1
382 780 1
382 685 1
382 309 1
383 723 1
383 477 1
383 498 1
383 725 1
383 684 1
384 825 1
384 173 1
384 760 1
384 654 1
384 242 1
384 954 1
384 232 1
384 193 1
384 1004 1
384 717 1
384 646 1
384 762 1
385 609 1
385 184 1
385 225 1
385 846 1
385 985 1
385 629 1
385 734 1
386 819 1
386 688 1
386 271 1
386 510 1
386 180 1
386 298 1
386 870 1
386 517 1
386 336 1
386 267 1
386 785 1
386 897 1
387 743 1
387 243 1
387 1027 1
387 528 1
387 616 1
387 73 1
387 766 1
387 695 1
387 957 1
387 207 1
388 810 1
388 769 1
388 655 1
388 96 1
388 210 1
388 854 1
388 273 1
388 375 1
388 45 1
388 1006 1
389 443 1
389 932 1
389 919 1
389 547 1
389 315 1
389 921 1
389 784 1
389 376 1
389 16 1
389 409 1
390 582 1
390 72 1
390 165 1
390 267 1
390 544 1
390 561 1
390 975 1
390 599 1
390 53 1
390 731 1
390 455 1
390 244 1
390 1022 1
390 419 1
390 205 1
390 859 1
391 311 1
391 488 1
391 336 1
391 855 1
391 578 1
391 30 1
391 808 1
391 93 1
391 33 1
392 784 1
392 948 1
392 941 1
392 611 1
392 758 1
392 741 1
392 253 1
392 257 1
392 855 1
392 583 1
393 905 1
393 200 1
393 908 1
393 1027 1
393 128 1
393 10 1
393 400 1
393 888 1
393 320 1
393 164 1
393 854 1
393 943 1
393 111 1
393 865 1
393 522 1
394 558 1
394 729 1
394 424 1
394 228 1
394 692 1
394 945 1
394 776 1
394 366 1
395 835 1
395 463 1
395 446 1
395 881 1
395 249 1
395 71 1
395 631 1
395 306 1
395 492 1
395 726 1
395 2 1
396 16 1
396 339 1
396 894 1
396 540 1
396 887 1
396 411 1
396 773 1
396 266 1
396 885 1
396 209 1
396 361 1
396 334 1
397 779 1
397 918 1
397 140 1
397 585 1
397 797 1
397 859 1
397 899 1
397 981 1
397 441 1
397 321 1
398 715 1
398 293 1
398 575 1
398 921 1
398 548 1
398 580 1
398 516 1
398 388 1
399 373 1
399 81 1
399 141 1
399 348 1
399 328 1
399 207 1
399 1000 1
399 946 1
399 85 1
400 746 1
400 318 1
400 299 1
400 155 1
400 510 1
400 286 1
400 562 1
400 269 1
400 732 1
401 276 1
401 222 1
401 473 1
401 350 1
401 464 1
401 26 1
401 844 1
401 506 1
402 609 1
402 906 1
402 795 1
402 515 1
402 185 1
402 280 1
402 791 1
402 913 1
402 121 1
403 497 1
403 126 1
403 31 1
403 118 1
403 598 1
403 245 1
403 364 1
403 534 1
403 980 1
403 429 1
403 607 1
403 349 1
404 165 1
404 471 1
404 657 1
404 505 1
404 725 1
404 184 1
404 625 1
405 450 1
405 573 1
405 219 1
405 193 1
405 1007 1
405 6 1
405 458 1
405 238 1
405 689 1
406 476 1
406 638 1
406 963 1
406 565 1
406 31 1
406 51 1
406 746 1
406 50 1
406 447 1
407 1008 1
407 696 1
407 399 1
407 536 1
407 273 1
407 609 1
407 204 1
407 28 1
407 545 1
407 179 1
407 730 1
407 659 1
408 84 1
408 47 1
408 120 1
408 240 1
408 885 1
408 935 1
409 901 1
409 738 1
409 742 1
409 974 1
409 770 1
409 402 1
409 358 1
409 874 1
410 3 1
410 698 1
410 516 1
410 435 1
410 921 1
411 1004 1
411 1003 1
411 666 1
411 36 1
411 418 1
411 645 1
411 97 1
411 459 1
412 542 1
412 891 1
412 17 1
412 496 1
412 997 1
412 463 1
412 962 1
412 973 1
412 97 1
412 974 1
412 560 1
413 456 1
413 72 1
413 165 1
413 67 1
413 55 1
413 455 1
413 476 1
413 565 1
413 250 1
413 18 1
413 340 1
413 388 1
413 324 1
413 923 1
414 695 1
414 591 1
414 971 1
414 52 1
414 428 1
414 1008 1
414 778 1
414 375 1
414 25 1
414 775 1
415 962 1
415 930 1
415 713 1
415 638 1
415 579 1
415 758 1
415 211 1
416 147 1
416 225 1
416 500 1
416 806 1
416 914 1
416 883 1
416 79 1
416 643 1
416 162 1
416 529 1
417 637 1
417 1022 1
417 217 1
417 525 1
417 1024 1
417 695 1
417 127 1
417 847 1
417 86 1
417 959 1
417 362 1
417 465 1
418 1018 1
418 555 1
418 325 1
418 97 1
418 916 1
418 816 1
418 957 1
418 1025 1
418 1010 1
418 503 1
419 85 1
419 694 1
419 677 1
419 418 1
419 800 1
419 142 1
419 924 1
419 102 1
420 672 1
420 444 1
420 615 1
420 49 1
420 775 1
420 439 1
420 40 1
420 998 1
420 401 1
420 390 1
421 801 1
421 787 1
421 237 1
421 242 1
421 702 1
421 590 1
421 471 1
421 18 1
422 639 1
422 572 1
422 596 1
422 989 1
422 781 1
422 883 1
422 214 1
422 306 1
422 225 1
422 752 1
422 188 1
422 925 1
422 562 1
422 971 1
422 44 1
422 620 1
423 92 1
423 104 1
423 931 1
423 102 1
423 0 1
423 694 1
423 151 1
423 945 1
424 441 1
424 680 1
424 226 1
424 507 1
424 852 1
424 294 1
424 437 1
424 837 1
424 770 1
424 960 1
424 325 1
424 324 1
424 997 1
425 20 1
425 936 1
425 117 1
425 993 1
425 931 1
425 27 1
425 195 1
425 1026 1
425 878 1
425 681 1
425 451 1
425 953 1
425 45 1
425 966 1
426 943 1
426 195 1
426 900 1
426 2 1
426 798 1
426 59 1
426 208 1
426 840 1
426 10 1
427 875 1
427 89 1
427 33 1
427 436 1
427 972 1
427 936 1
427 149 1
427 980 1
427 492 1
428 80 1
428 174 1
428 66 1
428 175 1
428 483 1
428 659 1
428 907 1
429 334 1
429 610 1
430 97 1
430 227 1
430 53 1
430 900 1
430 721 1
430 908 1
430 28 1
430 606 1
430 747 1
430 329 1
430 185 1
430 125 1
430 605 1
430 996 1
430 87 1
431 178 1
431 297 1
431 559 1
431 485 1
431 982 1
431 46 1
431 723 1
431 598 1
431 774 1
432 746 1
432 552 1
432 605 1
432 877 1
432 635 1
432 239 1
432 50 1
432 683 1
432 412 1
432 40 1
432 1007 1
432 1008 1
432 255 1
433 328 1
433 346 1
433 700 1
433 385 1
433 724 1
433 24 1
433 756 1
433 286 1
433 248 1
433 494 1
434 293 1
434 1026 1
434 591 1
434 732 1
434 671 1
434 549 1
435 720 1
435 641 1
435 611 1
435 814 1
436 986 1
436 967 1
436 217 1
436 20 1
436 861 1
436 202 1
436 334 1
436 804 1
436 131 1
436 541 1
436 833 1
436 579 1
436 466 1
437 418 1
437 177 1
437 755 1
437 888 1
437 50 1
437 532 1
437 68 1
437 55 1
437 272 1
437 667 1
437 496 1
437 63 1
438 705 1
438 155 1
438 42 1
438 411 1
438 866 1
438 268 1
438 541 1
438 561 1
438 404 1
438 720 1
438 847 1
439 293 1
439 976 1
439 632 1
439 847 1
439 965 1
439 874 1
439 343 1
439 799 1
439 311 1
440 778 1
440 92 1
440 718 1
440 790 1
440 466 1
440 33 1
440 638 1
441 705 1
441 514 1
441 864 1
441 1021 1
442 965 1
442 429 1
442 474 1
442 86 1
442 641 1
442 772 1
442 711 1
442 120 1
442 485 1
442 523 1
442 1018 1
442 679 1
442 617 1
443 741 1
443 595 1
443 560 1
443 55 1
443 208 1
443 562 1
443 275 1
443 320 1
443 518 1
443 93 1
443 727 1
443 401 1
443 891 1
444 644 1
444 724 1
444 208 1
444 794 1
444 301 1
444 121 1
444 234 1
444 200 1
444 272 1
445 554 1
445 537 1
445 756 1
445 77 1
445 116 1
445 442 1
445 705 1
445 444 1
445 229 1
445 576 1
446 821 1
446 951 1
446 850 1
446 855 1
446 529 1
446 93 1
446 931 1
446 989 1
446 813 1
447 490 1
447 983 1
447 815 1
447 862 1
447 287 1
447 443 1
447 811 1
447 179 1
447 283 1
447 71 1
447 838 1
447 956 1
447 617 1
447 564 1
448 769 1
448 952 1
448 528 1
448 546 1
448 2 1
449 456 1
449 562 1
449 193 1
449 242 1
449 875 1
449 946 1
449 110 1
449 887 1
449 386 1
449 583 1
449 126 1
449 467 1
449 395 1
449 853 1
449 474 1
450 679 1
450 722 1
450 849 1
450 576 1
450 199 1
450 373 1
450 979 1
450 902 1
451 1026 1
451 74 1
451 538 1
451 387 1
451 648 1
451 434 1
451 743 1
451 938 1
451 334 1
451 968 1
452 688 1
452 447 1
452 243 1
452 256 1
452 342 1
452 856 1
452 552 1
452 434 1
452 1027 1
452 491 1
452 541 1
453 770 1
453 47 1
453 682 1
453 464 1
453 260 1
453 707 1
453 460 1
453 780 1
454 1007 1
454 1015 1
454 915 1
454 603 1
454 809 1
454 551 1
455 401 1
455 999 1
455 922 1
455 797 1
455 527 1
455 95 1
455 878 1
456 85 1
456 573 1
456 520 1
456 958 1
456 426 1
456 987 1
456 996 1
456 206 1
456 548 1
457 350 1
457 494 1
457 473 1
457 876 1
457 3 1
457 458 1
457 55 1
457 255 1
458 449 1
458 663 1
458 566 1
458 638 1
458 172 1
458 18 1
458 379 1
459 802 1
459 356 1
459 480 1
459 784 1
459 729 1
459 725 1
459 161 1
459 674 1
459 526 1
459 981 1
459 78 1
459 226 1
459 169 1
459 9 1
460 968 1
460 25 1
460 400 1
460 13 1
460 571 1
460 671 1
460 971 1
460 541 1
460 982 1
460 602 1
461 796 1
461 948 1
461 155 1
461 511 1
461 49 1
461 650 1
461 133 1
461 242 1
461 795 1
461 352 1
462 415 1
462 36 1
462 913 1
462 849 1
462 708 1
462 616 1
462 567 1
462 213 1
462 915 1
463 490 1
463 172 1
463 630 1
463 916 1
463 34 1
464 602 1
464 451 1
464 360 1
464 88 1
464 117 1
464 1016 1
464 390 1
464 73 1
464 387 1
465 908 1
465 347 1
465 317 1
465 770 1
465 217 1
465 75 1
465 334 1
465 647 1
465 688 1
465 731 1
465 1028 1
466 77 1
466 602 1
466 467 1
466 326 1
466 351 1
466 873 1
466 702 1
466 482 1
466 456 1
466 986 1
466 952 1
466 521 1
466 669 1
466 74 1
467 923 1
467 443 1
467 730 1
467 1021 1
467 802 1
467 481 1
467 617 1
467 105 1
467 747 1
467 941 1
467 440 1
467 892 1
467 736 1
467 988 1
467 694 1
467 513 1
468 531 1
468 582 1
468 638 1
468 1013 1
468 499 1
468 942 1
468 413 1
468 426 1
468 820 1
468 600 1
468 400 1
468 816 1
469 281 1
469 661 1
469 987 1
469 389 1
469 812 1
469 554 1
469 834 1
470 649 1
470 81 1
470 216 1
470 348 1
470 835 1
470 236 1
470 382 1
470 842 1
470 435 1
470 836 1
470 128 1
470 439 1
470 883 1
471 32 1
471 527 1
471 210 1
471 447 1
471 480 1
471 170 1
471 199 1
471 483 1
471 712 1
471 277 1
471 149 1
471 831 1
471 911 1
472 400 1
472 719 1
472 1019 1
472 547 1
472 106 1
472 384 1
472 887 1
472 40 1
472 897 1
472 170 1
472 92 1
472 845 1
472 893 1
472 128 1
472 312 1
472 86 1
473 32 1
473 280 1
473 638 1
473 814 1
473 898 1
473 666 1
473 322 1
473 115 1
473 357 1
474 673 1
474 745 1
474 301 1
474 176 1
474 999 1
474 379 1
474 253 1
474 716 1
474 605 1
474 592 1
474 885 1
474 700 1
475 68 1
475 580 1
475 397 1
475 945 1
475 702 1
475 1002 1
475 1027 1
475 895 1
475 186 1
475 756 1
475 766 1
475 303 1
475 403 1
475 287 1
476 88 1
476 409 1
476 489 1
476 732 1
476 825 1
476 501 1
476 624 1
476 755 1
476 756 1
476 11 1
476 946 1
476 600 1
477 381 1
477 485 1
477 177 1
477 798 1
477 623 1
477 826 1
477 41 1
477 706 1
477 155 1
478 373 1
478 522 1
478 92 1
478 49 1
478 541 1
478 182 1
478 540 1
478 820 1
478 5 1
479 81 1
479 889 1
479 933 1
479 168 1
479 612 1
479 871 1
479 753 1
479 141 1
479 902 1
480 1022 1
480 135 1
480 870 1
480 948 1
480 1010 1
480 219 1
480 33 1
480 975 1
480 637 1
480 921 1
481 791 1
481 197 1
481 35 1
481 1005 1
481 731 1
481 564 1
481 622 1
481 826 1
481 649 1
482 125 1
482 106 1
482 514 1
482 11 1
482 568 1
482 677 1
482 141 1
482 250 1
482 280 1
482 286 1
482 725 1
482 875 1
482 288 1
483 164 1
483 860 1
483 921 1
483 581 1
483 359 1
483 897 1
484 155 1
484 859 1
484 0 1
484 244 1
484 417 1
484 140 1
484 912 1
484 90 1
484 844 1
484 873 1
484 599 1
485 890 1
485 302 1
485 24 1
485 658 1
485 174 1
486 559 1
486 483 1
486 764 1
486 966 1
486 621 1
486 152 1
486 98 1
487 781 1
487 596 1
487 274 1
487 219 1
487 347 1
487 918 1
487 622 1
487 367 1
487 56 1
487 106 1
487 750 1
487 359 1
487 344 1
488 489 1
488 940 1
488 867 1
488 1026 1
488 706 1
488 755 1
489 12 1
489 973 1
489 473 1
489 530 1
489 740 1
489 836 1
489 62 1
489 113 1
489 314 1
490 1028 1
490 143 1
490 844 1
490 159 1
490 766 1
490 929 1
490 441 1
490 50 1
490 637 1
490 737 1
491 959 1
491 422 1
491 231 1
491 353 1
491 409 1
491 36 1
491 56 1
491 372 1
491 210 1
491 362 1
492 890 1
492 716 1
492 964 1
492 388 1
492 74 1
492 625 1
492 418 1
492 767 1
492 568 1
492 398 1
493 177 1
493 440 1
493 801 1
493 569 1
493 651 1
493 912 1
493 364 1
493 474 1
493 152 1
493 249 1
493 613 1
493 885 1
493 158 1
494 299 1
494 641 1
494 610 1
494 18 1
494 78 1
494 69 1
494 392 1
494 892 1
494 765 1
494 210 1
494 251 1
494 855 1
494 645 1
494 195 1
494 231 1
494 111 1
494 862 1
494 719 1
494 1023 1
495 356 1
495 525 1
495 691 1
495 214 1
495 357 1
495 30 1
495 147 1
495 980 1
495 479 1
495 218 1
496 30 1
496 765 1
496 67 1
496 720 1
496 779 1
496 506 1
496 610 1
496 61 1
496 535 1
496 894 1
496 247 1
496 597 1
497 577 1
497 25 1
497 1020 1
497 706 1
497 835 1
497 369 1
497 784 1
497 91 1
497 833 1
497 160 1
497 703 1
497 223 1
497 899 1
498 43 1
498 497 1
498 747 1
498 338 1
498 397 1
498 572 1
498 933 1
498 723 1
498 1029 1
498 301 1
498 88 1
498 571 1
499 268 1
499 695 1
499 186 1
499 858 1
499 256 1
499 691 1
499 195 1
499 891 1
499 633 1
499 343 1
499 84 1
500 759 1
500 572 1
500 599 1
500 258 1
500 587 1
500 796 1
500 682 1
500 728 1
500 245 1
500 968 1
500 10 1
500 794 1
500 724 1
500 932 1
501 211 1
501 28 1
501 372 1
501 531 1
501 641 1
501 483 1
502 298 1
502 819 1
502 241 1
502 756 1
502 424 1
502 927 1
502 40 1
502 862 1
502 155 1
503 225 1
503 424 1
503 597 1
503 927 1
503 187 1
503 986 1
503 686 1
503 793 1
503 985 1
503 536 1
503 817 1
503 91 1
503 572 1
503 643 1
503 750 1
504 938 1
504 697 1
504 364 1
504 507 1
504 321 1
505 488 1
505 836 1
505 756 1
505 949 1
505 967 1
505 320 1
505 604 1
505 1022 1
505 397 1
505 179 1
505 122 1
505 208 1
505 305 1
505 492 1
505 357 1
505 936 1
505 742 1
506 774 1
506 123 1
506 746 1
506 534 1
506 972 1
506 895 1
506 662 1
507 415 1
507 321 1
507 291 1
507 356 1
507 480 1
507 485 1
507 1006 1
507 780 1
507 534 1
508 955 1
508 268 1
508 367 1
508 993 1
508 942 1
508 300 1
508 354 1
508 927 1
508 96 1
508 503 1
508 884 1
508 719 1
508 908 1
509 510 1
509 961 1
509 279 1
509 1017 1
509 307 1
509 780 1
509 328 1
510 876 1
510 263 1
510 557 1
510 513 1
510 491 1
511 961 1
511 981 1
511 0 1
511 971 1
512 122 1
512 577 1
512 42 1
512 119 1
512 127 1
512 990 1
512 177 1
512 924 1
513 303 1
513 875 1
513 587 1
513 548 1
514 476 1
514 1015 1
514 289 1
514 403 1
514 617 1
514 1021 1
514 440 1
514 956 1
514 589 1
514 566 1
514 122 1
514 422 1
514 639 1
514 33 1
514 471 1
514 482 1
515 677 1
515 933 1
515 657 1
515 954 1
515 335 1
515 150 1
516 275 1
516 585 1
516 398 1
516 314 1
516 95 1
516 572 1
516 609 1
516 906 1
516 388 1
516 787 1
516 673 1
516 854 1
516 759 1
516 102 1
516 29 1
516 568 1
516 844 1
516 707 1
517 1013 1
517 88 1
517 432 1
517 107 1
517 664 1
517 233 1
517 523 1
518 885 1
518 1016 1
518 510 1
518 87 1
518 610 1
518 1002 1
518 252 1
518 279 1
519 183 1
519 469 1
519 538 1
519 528 1
519 341 1
519 554 1
519 325 1
519 258 1
519 29 1
520 687 1
520 195 1
520 366 1
520 324 1
520 959 1
520 399 1
520 369 1
520 582 1
520 994 1
520 198 1
520 902 1
521 876 1
521 432 1
521 475 1
521 477 1
521 113 1
521 437 1
521 756 1
521 391 1
521 514 1
521 811 1
521 939 1
521 340 1
521 2 1
522 560 1
522 555 1
522 724 1
522 523 1
522 500 1
522 601 1
522 54 1
522 371 1
523 999 1
523 783 1
523 943 1
523 670 1
523 704 1
523 259 1
523 406 1
523 176 1
523 557 1
524 294 1
524 145 1
524 69 1
524 808 1
524 255 1
524 660 1
524 273 1
525 273 1
525 607 1
525 471 1
525 1018 1
525 633 1
525 596 1
525 896 1
525 336 1
525 89 1
525 550 1
526 476 1
526 881 1
526 418 1
526 349 1
526 1017 1
526 672 1
526 510 1
526 27 1
526 595 1
526 857 1
526 385 1
526 925 1
526 231 1
527 6 1
527 31 1
527 246 1
527 295 1
527 651 1
527 903 1
527 683 1
527 144 1
527 909 1
528 940 1
528 310 1
528 921 1
528 923 1
528 574 1
528 690 1
528 303 1
528 338 1
528 480 1
528 730 1
528 395 1
528 581 1
529 61 1
529 839 1
529 355 1
529 732 1
529 820 1
529 867 1
530 752 1
530 748 1
530 581 1
530 387 1
530 179 1
530 962 1
530 621 1
530 381 1
530 80 1
530 351 1
531 421 1
531 1001 1
531 568 1
531 645 1
531 401 1
531 620 1
531 881 1
531 574 1
531 678 1
531 95 1
531 477 1
532 550 1
532 708 1
532 930 1
532 926 1
532 457 1
532 36 1
532 982 1
532 332 1
532 1021 1
532 887 1
532 884 1
532 339 1
533 900 1
533 127 1
533 828 1
533 701 1
533 668 1
534 576 1
534 869 1
534 747 1
534 397 1
534 264 1
534 98 1
534 265 1
534 190 1
534 407 1
534 562 1
534 825 1
535 596 1
535 991 1
535 492 1
535 400 1
535 688 1
535 290 1
535 553 1
535 80 1
535 901 1
535 451 1
535 409 1
535 506 1
535 514 1
535 995 1
535 792 1
535 57 1
535 247 1
536 547 1
536 530 1
536 450 1
536 23 1
536 238 1
536 451 1
536 268 1
537 447 1
537 242 1
537 320 1
537 653 1
537 791 1
537 322 1
537 311 1
537 552 1
537 803 1
537 893 1
537 754 1
538 830 1
538 783 1
538 429 1
538 890 1
538 967 1
538 200 1
538 86 1
538 602 1
538 954 1
539 1007 1
539 505 1
539 593 1
539 297 1
539 285 1
539 649 1
539 142 1
539 291 1
539 272 1
539 1028 1
539 650 1
540 382 1
540 371 1
540 453 1
540 518 1
540 86 1
540 747 1
540 530 1
540 700 1
541 771 1
541 147 1
541 938 1
541 773 1
541 906 1
541 582 1
541 754 1
542 355 1
542 366 1
542 582 1
542 767 1
542 322 1
542 286 1
543 568 1
543 163 1
543 53 1
543 740 1
543 386 1
543 1028 1
543 117 1
543 158 1
543 546 1
544 518 1
544 251 1
544 112 1
544 297 1
544 316 1
544 358 1
544 486 1
544 227 1
544 187 1
544 382 1
544 91 1
544 276 1
545 69 1
545 323 1
545 342 1
545 848 1
545 579 1
545 422 1
545 995 1
545 718 1
546 572 1
546 243 1
546 827 1
546 226 1
546 462 1
546 395 1
546 338 1
546 742 1
546 581 1
547 879 1
547 415 1
547 1004 1
547 674 1
547 952 1
547 573 1
547 709 1
547 644 1
547 11 1
548 951 1
548 773 1
548 98 1
548 472 1
548 413 1
548 689 1
548 302 1
549 33 1
549 4 1
549 635 1
549 864 1
549 285 1
549 953 1
549 951 1
549 484 1
549 672 1
550 65 1
550 784 1
550 691 1
550 49 1
550 214 1
550 282 1
550 855 1
550 79 1
550 292 1
550 984 1
550 989 1
551 739 1
551 268 1
551 510 1
551 166 1
551 532 1
551 64 1
551 915 1
551 130 1
551 823 1
551 132 1
551 747 1
551 137 1
551 564 1
552 64 1
552 928 1
552 1026 1
552 733 1
552 783 1
552 35 1
552 933 1
552 632 1
553 818 1
553 969 1
553 822 1
553 177 1
553 591 1
553 866 1
553 947 1
554 652 1
554 217 1
554 643 1
554 229 1
554 887 1
555 287 1
555 314 1
555 145 1
555 447 1
555 174 1
555 422 1
555 371 1
555 398 1
555 62 1
555 912 1
555 933 1
556 51 1
556 50 1
556 263 1
556 47 1
556 251 1
556 387 1
556 999 1
556 105 1
556 857 1
557 329 1
557 334 1
557 1 1
557 753 1
557 204 1
557 411 1
557 439 1
557 512 1
558 837 1
558 629 1
558 692 1
558 393 1
558 131 1
558 549 1
558 641 1
558 987 1
558 309 1
558 584 1
558 527 1
558 955 1
558 145 1
559 861 1
559 90 1
559 204 1
559 386 1
559 1013 1
559 933 1
559 86 1
559 353 1
559 603 1
559 99 1
559 51 1
560 386 1
560 317 1
560 728 1
560 364 1
560 515 1
560 192 1
560 321 1
560 851 1
561 968 1
561 390 1
561 40 1
561 988 1
561 216 1
561 426 1
561 28 1
561 901 1
561 953 1
561 591 1
561 363 1
561 245 1
561 189 1
562 649 1
562 148 1
562 691 1
562 318 1
562 582 1
562 8 1
562 468 1
563 352 1
563 511 1
563 502 1
563 368 1
563 324 1
563 86 1
563 505 1
563 382 1
563 273 1
563 486 1
564 9 1
564 179 1
564 766 1
564 607 1
564 1003 1
564 730 1
564 514 1
564 479 1
564 951 1
564 76 1
564 173 1
565 434 1
565 372 1
565 259 1
565 390 1
565 1029 1
565 442 1
565 84 1
565 80 1
565 923 1
565 110 1
565 983 1
565 282 1
565 682 1
565 993 1
566 796 1
566 541 1
566 202 1
566 456 1
566 585 1
566 685 1
566 483 1
566 93 1
566 328 1
566 534 1
566 75 1
566 591 1
566 280 1
566 334 1
566 40 1
566 1028 1
567 467 1
567 442 1
567 875 1
567 720 1
567 204 1
567 210 1
567 730 1
567 427 1
567 958 1
567 790 1
567 632 1
567 466 1
567 396 1
567 652 1
568 857 1
568 971 1
568 500 1
568 121 1
568 467 1
568 259 1
568 365 1
569 6 1
569 502 1
569 699 1
569 249 1
569 812 1
569 191 1
569 937 1
569 132 1
569 55 1
569 447 1
569 0 1
569 728 1
569 549 1
569 690 1
569 942 1
569 412 1
569 837 1
569 380 1
570 826 1
570 369 1
570 723 1
570 414 1
570 988 1
570 430 1
570 721 1
571 297 1
571 625 1
571 403 1
571 865 1
571 928 1
571 91 1
571 514 1
571 239 1
571 122 1
571 960 1
571 986 1
571 980 1
572 359 1
572 225 1
572 86 1
572 986 1
572 923 1
572 358 1
572 54 1
572 884 1
573 380 1
573 752 1
573 621 1
573 129 1
573 969 1
573 469 1
573 276 1
573 944 1
573 9 1
573 517 1
573 499 1
573 633 1
573 796 1
573 712 1
574 191 1
574 723 1
574 736 1
574 14 1
574 145 1
574 698 1
574 537 1
574 325 1
574 384 1
574 693 1
574 845 1
575 713 1
575 183 1
575 541 1
575 937 1
575 275 1
575 41 1
575 469 1
576 703 1
576 76 1
576 786 1
576 110 1
577 431 1
577 858 1
577 840 1
577 784 1
577 1015 1
577 127 1
577 413 1
577 787 1
577 996 1
578 551 1
578 372 1
578 103 1
578 600 1
578 647 1
578 285 1
578 615 1
578 580 1
578 781 1
578 514 1
578 882 1
578 362 1
578 448 1
579 577 1
579 591 1
579 951 1
579 447 1
579 510 1
579 768 1
579 474 1
579 443 1
579 680 1
579 607 1
580 961 1
580 908 1
580 200 1
580 62 1
580 566 1
580 1015 1
580 700 1
580 518 1
580 188 1
580 299 1
581 831 1
581 941 1
581 125 1
582 1025 1
582 896 1
582 89 1
582 483 1
582 787 1
582 370 1
583 686 1
583 606 1
583 899 1
583 853 1
583 634 1
583 916 1
583 574 1
583 63 1
583 799 1
583 1005 1
583 1007 1
584 140 1
584 822 1
584 709 1
584 75 1
584 905 1
584 329 1
584 767 1
584 478 1
584 195 1
584 349 1
584 165 1
584 752 1
584 100 1
584 802 1
584 514 1
585 699 1
585 885 1
585 187 1
585 751 1
585 563 1
585 294 1
585 832 1
585 730 1
585 518 1
585 369 1
585 347 1
585 902 1
585 302 1
586 486 1
586 34 1
586 537 1
586 398 1
586 301 1
586 470 1
586 574 1
586 770 1
586 880 1
586 918 1
586 314 1
586 733 1
586 425 1
586 395 1
586 785 1
586 614 1
586 142 1
587 994 1
587 543 1
587 9 1
587 1003 1
587 232 1
587 59 1
587 146 1
588 250 1
588 893 1
588 877 1
588 873 1
588 74 1
588 1023 1
588 625 1
588 133 1
588 875 1
588 53 1
588 713 1
588 799 1
588 540 1
589 878 1
589 258 1
589 992 1
589 769 1
589 794 1
589 13 1
589 2 1
589 414 1
589 460 1
590 595 1
590 580 1
590 58 1
590 881 1
590 558 1
590 465 1
590 1007 1
591 618 1
591 995 1
591 892 1
591 967 1
591 479 1
591 707 1
591 914 1
591 661 1
591 109 1
591 254 1
591 719 1
592 60 1
592 674 1
592 807 1
592 228 1
592 539 1
592 301 1
593 175 1
593 739 1
593 578 1
593 450 1
594 126 1
594 351 1
594 967 1
594 745 1
594 254 1
594 600 1
594 524 1
594 458 1
594 480 1
595 23 1
595 125 1
595 382 1
595 912 1
595 710 1
595 302 1
595 513 1
595 294 1
595 143 1
595 894 1
596 182 1
596 763 1
596 23 1
596 256 1
596 842 1
597 239 1
597 779 1
597 140 1
597 252 1
597 155 1
597 731 1
597 778 1
597 949 1
597 489 1
597 492 1
597 527 1
597 112 1
597 638 1
597 988 1
598 611 1
598 628 1
598 112 1
598 951 1
598 277 1
598 527 1
598 976 1
598 645 1
599 890 1
599 490 1
599 392 1
599 695 1
599 520 1
599 29 1
599 964 1
599 924 1
599 816 1
599 550 1
600 749 1
600 815 1
600 429 1
600 816 1
600 503 1
600 470 1
600 654 1
601 370 1
601 718 1
601 673 1
601 629 1
601 359 1
601 292 1
601 175 1
601 842 1
601 628 1
602 748 1
602 985 1
602 100 1
602 825 1
602 798 1
602 611 1
602 361 1
602 790 1
603 3 1
603 739 1
603 34 1
604 413 1
604 774 1
604 725 1
604 739 1
604 79 1
604 435 1
604 662 1
604 7 1
604 377 1
604 893 1
605 534 1
605 906 1
605 400 1
605 915 1
606 874 1
606 867 1
606 961 1
606 805 1
606 623 1
606 343 1
606 256 1
607 699 1
607 898 1
607 695 1
607 240 1
607 934 1
607 675 1
607 670 1
607 571 1
607 629 1
608 927 1
608 233 1
608 2 1
608 326 1
608 283 1
608 724 1
608 992 1
609 249 1
609 801 1
609 693 1
609 196 1
609 920 1
609 889 1
609 820 1
609 1013 1
610 356 1
610 769 1
610 371 1
610 1021 1
610 490 1
610 367 1
611 174 1
611 733 1
611 149 1
611 303 1
611 743 1
611 771 1
611 182 1
611 164 1
611 673 1
611 964 1
611 782 1
611 255 1
611 1008 1
611 701 1
612 629 1
612 897 1
612 985 1
612 391 1
612 147 1
612 247 1
612 75 1
612 73 1
612 118 1
613 442 1
613 577 1
613 998 1
613 337 1
613 356 1
613 440 1
613 69 1
613 464 1
613 379 1
613 479 1
613 853 1
613 345 1
613 693 1
614 924 1
614 94 1
614 940 1
614 983 1
614 885 1
614 185 1
614 899 1
614 576 1
614 330 1
614 945 1
614 256 1
614 497 1
614 463 1
614 360 1
615 893 1
615 530 1
615 637 1
615 930 1
616 1018 1
616 218 1
616 747 1
616 530 1
616 722 1
616 988 1
617 910 1
617 774 1
617 521 1
617 459 1
617 945 1
617 784 1
617 560 1
617 618 1
617 857 1
617 311 1
617 77 1
617 818 1
617 249 1
617 486 1
618 324 1
618 339 1
618 289 1
618 116 1
618 580 1
618 130 1
618 1013 1
618 1012 1
618 322 1
618 908 1
618 239 1
619 410 1
619 740 1
619 498 1
619 347 1
619 210 1
619 455 1
619 267 1
619 337 1
619 36 1
620 537 1
620 121 1
620 212 1
620 621 1
620 836 1
620 123 1
620 864 1
620 69 1
621 321 1
621 736 1
621 30 1
621 366 1
621 675 1
621 248 1
621 7 1
621 565 1
621 252 1
621 928 1
622 621 1
622 412 1
622 480 1
622 33 1
622 131 1
622 658 1
622 266 1
622 180 1
623 665 1
623 741 1
623 367 1
623 782 1
623 905 1
623 141 1
623 825 1
623 1020 1
623 439 1
623 952 1
624 160 1
624 1024 1
624 336 1
624 797 1
624 266 1
624 792 1
624 8 1
624 648 1
624 105 1
625 714 1
625 540 1
625 462 1
625 522 1
625 964 1
625 624 1
625 826 1
625 836 1
625 563 1
626 449 1
626 967 1
626 737 1
626 698 1
626 249 1
626 287 1
627 101 1
627 211 1
627 68 1
627 406 1
627 615 1
627 17 1
627 818 1
627 907 1
627 588 1
627 446 1
627 216 1
627 128 1
628 796 1
628 471 1
628 686 1
628 223 1
628 430 1
628 1015 1
628 151 1
628 620 1
628 632 1
628 472 1
628 362 1
628 93 1
628 713 1
628 87 1
629 39 1
629 174 1
629 687 1
629 216 1
629 661 1
629 434 1
630 441 1
630 523 1
630 967 1
630 153 1
630 870 1
630 67 1
630 208 1
630 466 1
630 644 1
630 486 1
630 601 1
630 337 1
631 1009 1
631 1011 1
631 698 1
631 448 1
631 906 1
631 396 1
631 401 1
631 123 1
631 868 1
631 872 1
631 839 1
632 606 1
632 946 1
632 886 1
632 705 1
633 795 1
633 905 1
633 935 1
633 30 1
633 967 1
633 892 1
633 198 1
633 374 1
633 741 1
633 660 1
633 725 1
633 41 1
633 262 1
633 964 1
634 448 1
634 800 1
635 715 1
635 674 1
635 25 1
635 954 1
635 425 1
635 631 1
635 848 1
635 824 1
635 885 1
636 482 1
636 494 1
636 611 1
636 918 1
636 931 1
637 576 1
637 254 1
637 613 1
637 1022 1
637 678 1
637 673 1
637 436 1
637 547 1
637 239 1
637 336 1
637 520 1
637 691 1
637 195 1
638 763 1
638 742 1
638 502 1
638 451 1
638 249 1
638 194 1
638 700 1
639 458 1
639 150 1
639 927 1
639 658 1
639 845 1
639 650 1
639 158 1
639 306 1
639 632 1
639 265 1
639 704 1
639 903 1
639 925 1
640 177 1
640 77 1
640 632 1
640 928 1
640 835 1
640 949 1
641 566 1
641 445 1
641 595 1
641 758 1
641 939 1
641 962 1
641 14 1
641 54 1
641 560 1
641 463 1
641 559 1
642 282 1
642 141 1
642 809 1
642 0 1
642 253 1
642 135 1
642 147 1
642 221 1
643 273 1
643 98 1
643 806 1
643 456 1
643 1003 1
643 733 1
643 245 1
643 64 1
643 223 1
644 873 1
644 424 1
644 545 1
644 594 1
644 456 1
644 662 1
644 263 1
644 725 1
645 178 1
645 736 1
645 20 1
645 44 1
645 786 1
645 967 1
645 493 1
645 960 1
645 875 1
645 796 1
646 741 1
646 574 1
646 711 1
646 500 1
646 63 1
646 471 1
646 247 1
646 373 1
647 208 1
647 269 1
647 171 1
647 986 1
648 462 1
648 654 1
648 483 1
648 474 1
648 31 1
648 285 1
648 803 1
648 400 1
648 786 1
649 286 1
649 736 1
649 472 1
649 235 1
649 384 1
649 493 1
649 383 1
649 283 1
649 621 1
650 879 1
650 730 1
650 477 1
651 932 1
651 846 1
651 788 1
651 37 1
651 561 1
651 39 1
651 102 1
651 292 1
651 22 1
651 393 1
651 870 1
652 289 1
652 978 1
652 163 1
652 299 1
652 485 1
652 920 1
652 417 1
652 647 1
652 137 1
652 759 1
652 405 1
653 478 1
653 740 1
653 527 1
653 589 1
653 764 1
653 573 1
654 29 1
654 396 1
654 413 1
654 691 1
654 208 1
654 289 1
654 34 1
654 4 1
654 339 1
654 21 1
654 888 1
654 349 1
654 710 1
654 722 1
655 261 1
655 541 1
655 1016 1
655 754 1
655 76 1
655 495 1
655 676 1
655 810 1
655 327 1
655 424 1
655 840 1
655 367 1
655 672 1
655 518 1
656 838 1
656 1 1
656 296 1
656 934 1
656 19 1
656 223 1
656 326 1
656 285 1
656 526 1
656 882 1
656 472 1
656 452 1
656 352 1
656 693 1
656 447 1
656 188 1
657 217 1
657 518 1
657 586 1
657 332 1
657 399 1
657 731 1
657 580 1
657 123 1
657 908 1
657 509 1
657 918 1
657 692 1
657 949 1
657 675 1
657 535 1
658 165 1
658 651 1
658 57 1
658 497 1
658 229 1
658 180 1
658 874 1
658 261 1
658 875 1
658 251 1
658 426 1
658 85 1
659 779 1
659 271 1
659 118 1
659 627 1
659 22 1
659 1023 1
659 925 1
659 560 1
659 881 1
659 841 1
659 31 1
659 756 1
659 277 1
660 194 1
660 519 1
660 392 1
660 583 1
660 189 1
660 1028 1
660 304 1
660 726 1
660 731 1
660 367 1
660 847 1
661 824 1
661 674 1
661 425 1
661 535 1
661 1020 1
661 318 1
661 252 1
661 243 1
662 322 1
662 812 1
662 705 1
662 733 1
662 175 1
662 632 1
662 418 1
662 164 1
662 930 1
663 650 1
663 579 1
663 232 1
663 452 1
663 810 1
663 6 1
663 346 1
663 908 1
664 352 1
664 4 1
664 527 1
664 645 1
664 333 1
664 769 1
664 965 1
665 984 1
665 968 1
665 499 1
665 212 1
665 254 1
665 955 1
665 368 1
665 322 1
665 891 1
665 141 1
665 194 1
666 623 1
666 786 1
666 420 1
666 540 1
666 172 1
666 872 1
666 58 1
666 391 1
666 406 1
667 380 1
667 745 1
667 467 1
667 649 1
667 578 1
667 834 1
667 639 1
667 645 1
668 504 1
668 991 1
668 342 1
668 733 1
668 242 1
668 667 1
668 278 1
668 176 1
669 788 1
669 477 1
669 411 1
669 561 1
669 592 1
669 237 1
669 690 1
669 48 1
669 380 1
669 871 1
669 1025 1
669 199 1
669 77 1
670 626 1
670 31 1
670 588 1
670 1010 1
670 189 1
670 22 1
670 848 1
670 971 1
670 707 1
670 152 1
670 713 1
671 441 1
671 525 1
671 826 1
671 970 1
671 866 1
671 1028 1
671 168 1
672 639 1
672 182 1
672 15 1
672 471 1
672 718 1
672 93 1
672 734 1
672 107 1
673 755 1
673 205 1
673 669 1
673 218 1
673 313 1
673 915 1
673 569 1
673 809 1
673 71 1
674 382 1
674 119 1
674 130 1
674 47 1
674 124 1
674 629 1
674 981 1
674 81 1
674 818 1
675 169 1
675 216 1
675 172 1
675 624 1
675 302 1
675 379 1
675 439 1
675 273 1
676 977 1
676 301 1
676 329 1
676 940 1
676 432 1
676 879 1
676 129 1
676 294 1
676 496 1
676 951 1
676 344 1
676 905 1
676 22 1
677 632 1
677 814 1
677 396 1
677 432 1
677 948 1
677 217 1
677 598 1
678 389 1
678 101 1
678 232 1
678 839 1
678 268 1
678 108 1
678 399 1
678 91 1
678 946 1
678 106 1
678 84 1
678 7 1
679 653 1
679 945 1
679 713 1
679 509 1
679 435 1
679 998 1
679 671 1
679 188 1
679 525 1
679 61 1
680 225 1
680 215 1
680 814 1
681 96 1
681 849 1
681 730 1
681 32 1
681 238 1
681 664 1
681 960 1
681 209 1
681 1003 1
682 42 1
682 215 1
682 63 1
682 237 1
682 3 1
682 878 1
682 105 1
683 120 1
683 665 1
683 953 1
683 630 1
683 636 1
683 16 1
683 30 1
683 151 1
683 852 1
683 354 1
683 328 1
683 496 1
683 187 1
683 163 1
684 518 1
684 126 1
684 273 1
684 589 1
684 759 1
684 849 1
684 5 1
684 664 1
684 182 1
684 415 1
684 372 1
684 565 1
684 433 1
684 128 1
685 861 1
685 831 1
685 870 1
685 473 1
685 547 1
685 453 1
685 563 1
685 420 1
685 794 1
685 869 1
685 664 1
685 982 1
686 746 1
686 156 1
686 125 1
686 66 1
686 352 1
686 472 1
686 796 1
686 979 1
686 266 1
686 601 1
687 223 1
687 1019 1
687 184 1
687 600 1
687 322 1
687 316 1
687 754 1
687 881 1
687 978 1
687 683 1
688 187 1
688 376 1
688 481 1
688 120 1
688 657 1
688 495 1
688 185 1
688 21 1
688 739 1
688 129 1
688 492 1
688 18 1
688 620 1
688 320 1
689 206 1
689 444 1
689 202 1
689 899 1
689 972 1
689 457 1
689 871 1
689 366 1
689 759 1
689 867 1
689 839 1
689 324 1
689 52 1
689 150 1
689 138 1
689 777 1
690 555 1
690 765 1
690 197 1
690 464 1
690 516 1
690 728 1
690 995 1
690 470 1
690 223 1
691 202 1
691 951 1
691 242 1
691 314 1
691 907 1
691 421 1
691 146 1
691 763 1
691 76 1
692 74 1
692 865 1
692 563 1
692 700 1
692 773 1
692 82 1
692 524 1
692 428 1
693 378 1
693 752 1
693 634 1
693 425 1
693 420 1
693 925 1
694 728 1
694 178 1
694 70 1
694 137 1
694 566 1
694 779 1
694 353 1
695 388 1
695 83 1
695 970 1
695 821 1
695 747 1
695 1004 1
695 542 1
695 252 1
696 524 1
696 541 1
696 628 1
696 158 1
696 384 1
696 254 1
696 361 1
696 1007 1
696 599 1
696 931 1
697 624 1
697 940 1
697 163 1
697 271 1
697 600 1
697 296 1
697 974 1
697 404 1
697 180 1
697 730 1
697 664 1
697 48 1
697 233 1
698 661 1
698 765 1
698 842 1
698 443 1
698 785 1
698 829 1
698 231 1
698 534 1
698 820 1
698 201 1
699 60 1
699 627 1
699 429 1
699 20 1
699 593 1
700 876 1
700 194 1
700 540 1
700 796 1
700 500 1
700 956 1
700 699 1
701 440 1
701 1004 1
701 989 1
701 18 1
701 379 1
701 1025 1
701 775 1
701 452 1
702 302 1
702 745 1
702 759 1
702 23 1
702 505 1
702 201 1
702 11 1
702 17 1
702 75 1
702 186 1
702 149 1
702 595 1
702 174 1
702 189 1
702 610 1
702 963 1
703 230 1
703 436 1
703 128 1
703 565 1
703 43 1
703 845 1
703 372 1
703 539 1
703 995 1
704 387 1
704 148 1
704 179 1
704 95 1
704 698 1
704 815 1
704 898 1
704 115 1
704 610 1
704 826 1
704 756 1
704 880 1
704 97 1
705 411 1
705 292 1
705 30 1
705 199 1
705 569 1
705 472 1
706 867 1
706 540 1
706 221 1
706 510 1
706 672 1
706 600 1
706 521 1
706 218 1
706 534 1
706 883 1
706 182 1
707 561 1
707 698 1
707 155 1
707 1021 1
707 699 1
707 477 1
707 535 1
707 157 1
707 986 1
708 909 1
708 218 1
708 52 1
708 86 1
708 322 1
708 536 1
708 690 1
709 332 1
709 957 1
709 320 1
709 683 1
709 621 1
709 97 1
709 44 1
709 868 1
709 607 1
709 958 1
709 997 1
710 82 1
710 159 1
710 150 1
710 448 1
711 333 1
711 64 1
711 744 1
711 483 1
711 828 1
711 497 1
711 991 1
711 846 1
711 532 1
711 982 1
712 932 1
712 201 1
712 694 1
712 786 1
712 102 1
712 726 1
713 682 1
713 350 1
713 77 1
713 386 1
713 553 1
713 711 1
713 598 1
713 221 1
713 203 1
713 580 1
713 11 1
713 468 1
714 760 1
714 172 1
714 624 1
714 512 1
714 302 1
714 33 1
714 546 1
715 895 1
715 896 1
715 304 1
715 425 1
715 157 1
715 50 1
715 236 1
715 204 1
715 193 1
716 709 1
716 310 1
716 913 1
716 564 1
716 514 1
716 329 1
716 350 1
716 589 1
716 23 1
716 99 1
716 486 1
716 332 1
716 148 1
716 515 1
717 348 1
717 418 1
717 554 1
717 135 1
717 843 1
717 43 1
717 603 1
717 623 1
717 813 1
718 222 1
718 127 1
718 549 1
718 541 1
718 782 1
718 27 1
718 376 1
718 673 1
719 915 1
719 475 1
719 445 1
719 336 1
719 81 1
719 51 1
719 621 1
719 825 1
719 717 1
719 830 1
719 714 1
719 112 1
719 908 1
719 169 1
720 116 1
720 942 1
720 18 1
720 98 1
720 403 1
720 912 1
720 764 1
720 480 1
720 909 1
720 286 1
721 423 1
721 508 1
721 998 1
721 5 1
721 78 1
721 149 1
721 179 1
721 422 1
721 74 1
721 677 1
721 871 1
721 178 1
722 46 1
722 685 1
722 561 1
722 451 1
722 256 1
722 102 1
722 887 1
722 562 1
722 879 1
722 320 1
723 346 1
723 116 1
723 114 1
723 293 1
723 764 1
723 727 1
723 382 1
723 612 1
723 827 1
724 940 1
724 555 1
724 572 1
724 27 1
724 139 1
724 714 1
724 692 1
724 279 1
724 222 1
724 754 1
724 608 1
724 901 1
724 778 1
725 584 1
725 709 1
725 122 1
725 1025 1
725 307 1
725 177 1
725 951 1
725 767 1
726 847 1
726 249 1
726 465 1
726 677 1
726 960 1
726 102 1
726 1024 1
726 851 1
726 480 1
726 971 1
726 593 1
726 957 1
726 810 1
726 172 1
726 118 1
726 1022 1
726 501 1
726 195 1
726 460 1
727 532 1
727 1005 1
727 752 1
727 229 1
727 365 1
727 594 1
727 890 1
727 574 1
728 794 1
728 698 1
728 199 1
728 317 1
728 474 1
728 582 1
728 929 1
728 971 1
728 737 1
728 476 1
729 570 1
729 947 1
729 961 1
729 870 1
729 609 1
729 481 1
729 887 1
729 999 1
729 232 1
729 991 1
730 722 1
730 624 1
730 292 1
730 905 1
730 881 1
730 763 1
730 301 1
730 64 1
730 229 1
730 995 1
730 918 1
731 722 1
731 67 1
731 734 1
731 628 1
731 545 1
731 802 1
731 167 1
731 619 1
731 778 1
731 9 1
732 631 1
732 452 1
732 272 1
732 18 1
732 369 1
732 111 1
732 262 1
733 763 1
733 309 1
733 690 1
733 13 1
733 211 1
733 33 1
733 537 1
733 928 1
733 914 1
733 1023 1
734 159 1
734 347 1
734 112 1
734 132 1
734 758 1
734 778 1
734 696 1
735 237 1
735 707 1
735 786 1
735 190 1
735 245 1
735 268 1
735 266 1
735 956 1
735 638 1
735 327 1
736 480 1
736 34 1
736 99 1
736 560 1
736 96 1
736 929 1
736 601 1
736 726 1
736 806 1
736 969 1
736 707 1
737 201 1
737 719 1
737 341 1
737 555 1
737 229 1
737 6 1
737 615 1
737 901 1
737 323 1
737 804 1
737 866 1
737 373 1
738 869 1
738 135 1
738 572 1
738 27 1
738 485 1
738 193 1
738 10 1
738 106 1
738 574 1
738 1016 1
738 273 1
738 608 1
738 684 1
738 1028 1
738 408 1
738 905 1
738 29 1
739 378 1
739 602 1
739 459 1
739 88 1
739 642 1
739 141 1
739 784 1
739 747 1
739 607 1
740 310 1
740 894 1
740 218 1
740 608 1
740 219 1
740 331 1
740 586 1
741 97 1
741 141 1
741 218 1
741 884 1
741 75 1
741 510 1
741 400 1
741 845 1
741 921 1
741 995 1
741 1020 1
741 721 1
741 870 1
741 267 1
741 769 1
741 452 1
741 235 1
741 664 1
742 318 1
742 739 1
742 126 1
742 230 1
742 488 1
742 835 1
742 281 1
742 344 1
743 135 1
743 677 1
743 663 1
743 255 1
743 719 1
743 397 1
743 392 1
743 1023 1
743 276 1
743 40 1
744 991 1
744 413 1
744 737 1
744 12 1
744 925 1
744 945 1
744 135 1
744 795 1
744 421 1
744 91 1
744 542 1
744 288 1
744 703 1
744 242 1
744 360 1
745 960 1
745 323 1
745 154 1
745 871 1
745 661 1
745 129 1
745 962 1
745 942 1
745 780 1
745 948 1
745 664 1
746 81 1
746 190 1
746 877 1
746 511 1
746 990 1
746 1 1
746 941 1
746 410 1
746 187 1
746 673 1
746 398 1
746 584 1
746 1002 1
746 197 1
747 1016 1
747 484 1
747 1027 1
747 1025 1
747 997 1
747 505 1
747 816 1
747 963 1
747 30 1
747 548 1
747 597 1
748 300 1
748 171 1
748 254 1
748 813 1
748 457 1
748 678 1
748 827 1
748 391 1
748 521 1
748 966 1
749 281 1
749 552 1
749 988 1
749 1017 1
749 516 1
749 263 1
749 838 1
749 553 1
749 326 1
749 164 1
749 729 1
749 858 1
749 517 1
749 930 1
750 921 1
750 259 1
750 815 1
750 729 1
750 981 1
750 276 1
750 635 1
751 544 1
751 122 1
751 380 1
751 146 1
751 656 1
751 433 1
751 316 1
752 337 1
752 250 1
752 0 1
752 202 1
752 34 1
753 240 1
753 74 1
753 591 1
753 146 1
753 175 1
753 391 1
753 737 1
753 718 1
754 40 1
754 859 1
754 746 1
754 864 1
754 870 1
754 707 1
754 439 1
755 71 1
755 882 1
755 317 1
755 418 1
755 231 1
755 10 1
755 880 1
755 604 1
756 855 1
756 332 1
756 89 1
756 923 1
756 892 1
756 90 1
756 338 1
756 396 1
756 768 1
756 907 1
756 968 1
756 453 1
756 574 1
757 776 1
757 822 1
757 767 1
757 750 1
757 695 1
757 977 1
757 187 1
757 25 1
757 782 1
757 548 1
757 420 1
757 494 1
758 223 1
758 71 1
758 794 1
758 1 1
758 332 1
758 279 1
758 573 1
758 601 1
758 814 1
759 763 1
759 880 1
759 3 1
759 478 1
759 288 1
759 137 1
760 871 1
760 602 1
760 273 1
760 658 1
760 998 1
760 838 1
760 832 1
760 378 1
761 670 1
761 23 1
761 804 1
761 999 1
761 473 1
761 580 1
761 879 1
762 717 1
762 260 1
762 661 1
762 470 1
762 626 1
762 720 1
762 156 1
762 1006 1
762 20 1
762 427 1
763 78 1
763 515 1
763 101 1
763 191 1
763 931 1
763 547 1
763 497 1
763 311 1
763 663 1
763 916 1
763 840 1
763 973 1
764 534 1
764 610 1
764 972 1
764 913 1
764 241 1
764 550 1
764 289 1
765 395 1
765 197 1
765 840 1
765 229 1
765 667 1
765 821 1
765 626 1
765 878 1
766 679 1
766 313 1
766 158 1
766 1019 1
766 1008 1
766 514 1
766 97 1
766 338 1
766 762 1
766 458 1
766 864 1
766 925 1
766 631 1
766 47 1
767 50 1
767 510 1
767 962 1
767 489 1
767 785 1
767 965 1
767 728 1
767 491 1
767 1023 1
768 853 1
768 987 1
768 976 1
768 724 1
768 496 1
768 749 1
768 194 1
768 676 1
768 651 1
768 310 1
768 828 1
768 542 1
768 306 1
768 602 1
768 739 1
768 691 1
769 617 1
769 38 1
769 118 1
769 778 1
769 232 1
769 69 1
769 768 1
769 155 1
769 503 1
770 808 1
770 702 1
770 942 1
770 665 1
770 695 1
770 123 1
771 232 1
771 161 1
771 377 1
771 686 1
771 243 1
771 191 1
771 445 1
771 255 1
772 377 1
772 342 1
772 621 1
772 513 1
772 942 1
772 937 1
772 692 1
772 776 1
772 584 1
773 150 1
773 524 1
773 709 1
773 262 1
773 490 1
773 578 1
773 922 1
773 280 1
773 968 1
773 301 1
773 237 1
773 325 1
774 457 1
774 403 1
774 239 1
774 957 1
774 698 1
774 436 1
774 53 1
774 584 1
774 129 1
774 70 1
774 42 1
775 870 1
775 99 1
775 778 1
775 319 1
775 50 1
775 37 1
775 967 1
775 186 1
775 782 1
775 796 1
775 942 1
775 112 1
775 566 1
775 217 1
776 204 1
776 653 1
776 731 1
776 636 1
776 753 1
777 176 1
777 275 1
777 322 1
777 883 1
777 834 1
778 828 1
778 986 1
778 438 1
778 886 1
778 780 1
778 874 1
778 1006 1
779 778 1
779 17 1
779 495 1
779 713 1
779 860 1
779 412 1
779 877 1
779 224 1
779 582 1
779 428 1
780 907 1
780 995 1
780 639 1
780 765 1
780 843 1
780 544 1
780 351 1
781 543 1
781 655 1
781 20 1
781 558 1
781 164 1
781 907 1
781 991 1
782 635 1
782 771 1
783 9 1
783 22 1
783 771 1
783 552 1
783 952 1
783 753 1
783 764 1
783 861 1
783 1011 1
783 223 1
784 751 1
784 729 1
784 428 1
784 1003 1
784 185 1
784 234 1
784 667 1
784 896 1
785 604 1
785 929 1
785 111 1
785 797 1
785 587 1
785 472 1
785 880 1
785 802 1
785 908 1
785 126 1
785 777 1
786 1012 1
786 514 1
786 545 1
786 858 1
786 685 1
786 446 1
786 462 1
786 404 1
786 290 1
786 651 1
786 630 1
786 283 1
786 221 1
786 177 1
787 592 1
787 29 1
787 678 1
787 584 1
787 904 1
787 677 1
787 513 1
787 800 1
787 721 1
787 572 1
787 551 1
787 953 1
788 1007 1
788 611 1
788 466 1
788 916 1
788 387 1
788 934 1
788 62 1
788 870 1
788 515 1
788 194 1
789 47 1
789 797 1
789 190 1
789 850 1
789 571 1
789 788 1
789 831 1
789 304 1
789 579 1
789 245 1
789 812 1
789 886 1
789 70 1
789 261 1
789 317 1
790 189 1
790 183 1
790 132 1
790 951 1
790 37 1
790 470 1
790 804 1
791 880 1
791 747 1
791 293 1
791 922 1
791 751 1
791 81 1
791 1026 1
791 503 1
791 518 1
791 809 1
791 309 1
791 586 1
791 532 1
791 611 1
791 885 1
791 817 1
791 22 1
792 434 1
792 817 1
792 935 1
792 883 1
792 961 1
793 146 1
793 255 1
793 539 1
793 670 1
793 132 1
793 38 1
793 866 1
793 583 1
793 311 1
794 89 1
794 816 1
794 910 1
794 676 1
794 758 1
794 108 1
794 1007 1
794 232 1
794 176 1
794 989 1
794 832 1
794 280 1
795 813 1
795 460 1
795 677 1
795 727 1
795 411 1
795 958 1
795 844 1
795 1004 1
795 481 1
795 207 1
795 172 1
795 329 1
795 403 1
795 308 1
796 993 1
796 932 1
796 8 1
796 665 1
796 629 1
797 58 1
797 297 1
797 220 1
797 613 1
797 141 1
797 387 1
797 281 1
797 479 1
797 777 1
797 277 1
797 751 1
797 570 1
798 79 1
798 433 1
798 3 1
798 585 1
798 19 1
798 672 1
799 976 1
799 343 1
799 288 1
799 460 1
799 943 1
799 225 1
799 5 1
799 215 1
799 418 1
799 964 1
799 220 1
799 409 1
800 638 1
800 813 1
800 700 1
800 604 1
800 669 1
800 235 1
800 440 1
800 1024 1
801 880 1
801 712 1
801 460 1
801 151 1
801 508 1
801 461 1
801 964 1
801 330 1
801 556 1
801 914 1
801 342 1
801 96 1
801 654 1
801 464 1
801 596 1
801 74 1
801 386 1
802 81 1
802 607 1
802 308 1
802 49 1
802 993 1
802 209 1
802 197 1
802 418 1
802 769 1
802 72 1
803 738 1
803 660 1
803 93 1
803 934 1
803 377 1
803 532 1
803 456 1
803 734 1
803 842 1
803 986 1
803 916 1
803 328 1
803 214 1
804 627 1
804 1010 1
804 910 1
804 233 1
804 320 1
804 660 1
804 235 1
804 10 1
805 955 1
805 875 1
805 494 1
805 997 1
805 640 1
806 315 1
806 697 1
806 682 1
806 842 1
806 729 1
806 122 1
806 686 1
806 512 1
806 308 1
806 997 1
806 173 1
807 864 1
807 803 1
807 568 1
807 430 1
807 739 1
807 694 1
807 693 1
807 690 1
807 29 1
807 607 1
807 888 1
807 929 1
807 958 1
807 789 1
807 781 1
808 731 1
808 766 1
808 800 1
808 619 1
808 757 1
808 218 1
808 93 1
809 744 1
809 730 1
809 705 1
809 765 1
809 578 1
809 390 1
809 858 1
809 489 1
809 752 1
809 19 1
809 274 1
810 476 1
810 841 1
810 446 1
810 5 1
810 151 1
810 152 1
810 966 1
810 888 1
810 319 1
810 390 1
810 588 1
810 433 1
811 692 1
811 395 1
811 280 1
811 90 1
811 946 1
811 982 1
811 573 1
811 637 1
811 574 1
811 409 1
811 675 1
812 131 1
812 970 1
812 666 1
812 832 1
812 452 1
812 237 1
812 610 1
812 496 1
812 146 1
812 560 1
812 871 1
812 973 1
812 297 1
812 984 1
812 132 1
813 1026 1
813 721 1
813 589 1
813 409 1
813 182 1
813 1014 1
813 622 1
813 392 1
813 393 1
814 537 1
814 765 1
814 64 1
814 747 1
814 381 1
815 683 1
815 518 1
815 975 1
815 467 1
815 494 1
815 797 1
815 476 1
815 406 1
816 551 1
816 905 1
816 845 1
816 530 1
816 919 1
816 1015 1
816 330 1
816 619 1
816 780 1
816 761 1
817 561 1
817 705 1
817 948 1
817 966 1
817 112 1
817 230 1
817 725 1
817 994 1
817 297 1
817 936 1
818 569 1
818 303 1
818 862 1
818 397 1
818 834 1
818 358 1
818 951 1
818 673 1
818 145 1
818 471 1
818 776 1
818 821 1
818 477 1
818 480 1
818 657 1
818 168 1
818 669 1
818 129 1
819 250 1
819 10 1
819 411 1
819 742 1
819 1003 1
819 289 1
819 460 1
819 951 1
819 420 1
820 576 1
820 109 1
820 56 1
820 588 1
820 750 1
820 865 1
820 596 1
820 673 1
820 935 1
821 140 1
821 691 1
821 656 1
821 1025 1
821 202 1
821 692 1
821 413 1
821 105 1
821 475 1
821 464 1
822 283 1
822 609 1
822 350 1
822 453 1
822 689 1
822 519 1
822 946 1
822 517 1
822 288 1
822 451 1
822 147 1
822 705 1
822 573 1
822 378 1
822 411 1
822 658 1
823 244 1
823 880 1
823 699 1
823 144 1
823 731 1
823 338 1
823 962 1
823 630 1
823 575 1
824 799 1
824 669 1
824 752 1
824 1021 1
824 420 1
824 56 1
824 491 1
824 880 1
824 182 1
824 775 1
824 923 1
824 943 1
825 526 1
825 226 1
825 48 1
825 973 1
825 660 1
826 918 1
826 727 1
826 229 1
826 286 1
826 242 1
826 356 1
826 436 1
826 246 1
826 690 1
826 405 1
827 336 1
827 861 1
827 150 1
827 900 1
827 661 1
827 830 1
827 486 1
827 910 1
828 279 1
828 388 1
828 422 1
828 567 1
828 709 1
829 548 1
829 996 1
829 504 1
829 301 1
829 833 1
829 20 1
830 571 1
830 736 1
830 332 1
830 1 1
830 819 1
830 464 1
830 935 1
831 328 1
831 784 1
831 699 1
831 46 1
831 176 1
831 435 1
831 2 1
831 84 1
831 585 1
831 486 1
831 437 1
832 622 1
832 1027 1
832 585 1
832 16 1
832 360 1
832 812 1
832 385 1
832 539 1
832 807 1
832 14 1
832 675 1
832 359 1
832 768 1
833 106 1
833 449 1
833 1019 1
833 1017 1
833 822 1
833 390 1
833 517 1
833 56 1
833 490 1
833 204 1
833 894 1
833 750 1
834 68 1
834 709 1
834 760 1
834 976 1
834 155 1
834 168 1
835 407 1
835 19 1
835 380 1
835 30 1
835 846 1
835 69 1
835 634 1
835 927 1
835 709 1
835 188 1
835 690 1
836 571 1
836 714 1
836 277 1
836 583 1
836 231 1
836 140 1
836 536 1
836 190 1
836 81 1
836 911 1
836 248 1
837 439 1
837 587 1
837 278 1
837 247 1
837 806 1
837 695 1
837 470 1
837 346 1
838 142 1
838 407 1
838 869 1
838 493 1
838 98 1
838 898 1
838 188 1
838 390 1
838 814 1
838 885 1
839 1029 1
839 934 1
839 251 1
839 27 1
839 1024 1
839 908 1
839 424 1
839 465 1
839 641 1
839 207 1
839 203 1
839 476 1
839 831 1
839 667 1
839 317 1
839 871 1
840 298 1
840 309 1
840 578 1
840 703 1
840 893 1
840 675 1
840 968 1
841 751 1
841 165 1
841 189 1
841 616 1
841 500 1
841 980 1
841 152 1
841 386 1
841 181 1
841 45 1
841 547 1
842 874 1
842 335 1
842 165 1
842 442 1
842 327 1
842 599 1
842 1007 1
842 848 1
843 779 1
843 768 1
843 277 1
843 253 1
843 976 1
843 76 1
843 264 1
843 818 1
843 1016 1
844 659 1
844 281 1
844 415 1
844 464 1
844 386 1
844 831 1
844 29 1
844 934 1
844 993 1
844 207 1
844 394 1
844 897 1
844 5 1
844 393 1
844 239 1
844 161 1
845 126 1
845 347 1
845 710 1
845 688 1
845 537 1
845 194 1
846 923 1
846 421 1
846 106 1
846 579 1
846 11 1
846 725 1
846 554 1
846 118 1
846 377 1
846 952 1
846 924 1
846 54 1
846 310 1
846 558 1
846 268 1
846 86 1
846 374 1
847 349 1
847 951 1
847 529 1
847 35 1
847 903 1
847 80 1
847 181 1
847 904 1
847 69 1
848 512 1
848 927 1
848 960 1
848 126 1
848 113 1
848 714 1
848 818 1
848 498 1
848 509 1
848 445 1
848 241 1
848 838 1
848 613 1
849 947 1
849 1009 1
849 705 1
849 110 1
849 514 1
849 594 1
849 485 1
849 712 1
849 553 1
849 368 1
849 780 1
849 854 1
849 668 1
849 193 1
849 406 1
849 469 1
849 285 1
849 581 1
849 329 1
850 162 1
850 278 1
851 374 1
851 909 1
851 570 1
851 128 1
851 757 1
851 287 1
851 740 1
851 457 1
851 620 1
852 4 1
852 629 1
852 958 1
852 213 1
852 516 1
852 771 1
852 47 1
852 554 1
852 299 1
852 263 1
852 849 1
853 301 1
853 258 1
853 738 1
853 696 1
853 285 1
853 730 1
853 521 1
853 30 1
853 251 1
853 776 1
853 793 1
854 285 1
854 250 1
854 56 1
854 201 1
854 516 1
854 559 1
854 192 1
854 708 1
854 176 1
854 779 1
854 91 1
855 800 1
855 418 1
855 828 1
855 389 1
855 619 1
856 471 1
856 224 1
856 588 1
856 281 1
856 249 1
856 941 1
857 822 1
857 523 1
857 456 1
857 199 1
857 578 1
858 227 1
858 458 1
858 883 1
858 308 1
858 23 1
858 159 1
858 704 1
858 273 1
858 361 1
858 580 1
858 901 1
858 10 1
858 677 1
858 340 1
859 505 1
859 715 1
859 983 1
859 416 1
859 173 1
859 165 1
859 111 1
859 326 1
859 702 1
860 403 1
860 628 1
860 845 1
860 1001 1
860 321 1
860 56 1
860 631 1
860 565 1
860 582 1
860 8 1
860 551 1
860 71 1
861 860 1
861 68 1
861 950 1
861 396 1
861 499 1
861 976 1
861 527 1
861 977 1
862 89 1
862 863 1
862 536 1
862 859 1
862 430 1
862 493 1
863 424 1
863 375 1
863 534 1
863 400 1
863 206 1
863 199 1
863 309 1
864 163 1
864 253 1
864 904 1
864 685 1
864 790 1
864 169 1
864 197 1
865 331 1
865 809 1
865 933 1
865 190 1
865 487 1
865 899 1
865 398 1
865 918 1
865 319 1
865 37 1
865 797 1
866 451 1
866 650 1
866 473 1
866 559 1
866 769 1
866 505 1
866 696 1
866 676 1
866 1001 1
866 929 1
867 859 1
867 914 1
867 258 1
867 476 1
867 26 1
867 234 1
867 571 1
868 813 1
868 1016 1
868 932 1
868 905 1
868 856 1
868 471 1
868 1000 1
868 877 1
868 66 1
868 942 1
868 60 1
868 381 1
869 304 1
869 40 1
869 394 1
869 402 1
869 347 1
869 536 1
869 314 1
869 783 1
869 421 1
869 242 1
869 1026 1
869 466 1
869 749 1
869 395 1
870 403 1
870 269 1
870 267 1
870 166 1
870 660 1
870 762 1
870 149 1
870 638 1
870 760 1
870 786 1
870 53 1
870 995 1
870 261 1
870 126 1
870 701 1
870 448 1
871 337 1
871 743 1
871 614 1
871 159 1
871 455 1
871 908 1
871 776 1
872 335 1
872 618 1
872 406 1
872 790 1
872 720 1
872 680 1
872 934 1
872 471 1
872 207 1
872 368 1
873 76 1
873 70 1
873 699 1
873 711 1
873 188 1
873 246 1
873 235 1
873 399 1
873 823 1
873 278 1
873 392 1
873 638 1
873 569 1
873 443 1
873 633 1
874 839 1
874 93 1
874 486 1
874 703 1
874 912 1
874 407 1
875 958 1
875 700 1
875 42 1
875 1027 1
875 718 1
875 126 1
875 302 1
875 971 1
875 438 1
876 653 1
876 994 1
876 47 1
876 369 1
876 724 1
876 121 1
876 89 1
876 150 1
876 142 1
876 305 1
877 568 1
877 119 1
877 145 1
877 551 1
877 898 1
877 689 1
877 342 1
877 576 1
877 303 1
877 44 1
877 498 1
877 27 1
877 308 1
877 22 1
877 316 1
877 262 1
877 101 1
877 734 1
878 150 1
878 337 1
878 27 1
878 169 1
878 359 1
878 128 1
878 530 1
878 475 1
878 959 1
878 743 1
878 493 1
878 651 1
878 81 1
878 783 1
879 581 1
879 399 1
879 951 1
879 553 1
879 353 1
879 713 1
879 129 1
879 870 1
879 373 1
880 900 1
880 563 1
880 398 1
880 371 1
880 551 1
880 489 1
880 76 1
880 455 1
880 1023 1
880 700 1
880 749 1
880 82 1
880 646 1
880 448 1
880 946 1
881 387 1
881 437 1
881 746 1
881 701 1
881 857 1
881 468 1
881 455 1
882 915 1
882 457 1
882 138 1
882 626 1
882 278 1
882 900 1
882 742 1
882 633 1
883 232 1
883 907 1
883 686 1
883 511 1
883 650 1
883 784 1
884 377 1
884 509 1
884 221 1
884 806 1
884 107 1
884 756 1
884 230 1
884 396 1
884 31 1
884 0 1
884 472 1
884 552 1
885 827 1
885 494 1
885 115 1
885 263 1
885 248 1
885 595 1
885 379 1
885 139 1
885 552 1
885 884 1
885 479 1
885 507 1
885 876 1
886 880 1
886 391 1
886 876 1
886 554 1
886 706 1
886 725 1
886 503 1
886 240 1
886 551 1
886 185 1
886 383 1
886 829 1
887 590 1
887 758 1
887 192 1
887 315 1
888 209 1
888 520 1
888 169 1
888 607 1
888 684 1
889 172 1
889 417 1
889 822 1
890 75 1
890 817 1
890 391 1
890 183 1
890 886 1
890 100 1
890 616 1
890 524 1
890 324 1
890 672 1
890 532 1
891 111 1
891 837 1
891 932 1
891 661 1
891 947 1
891 100 1
891 459 1
891 215 1
892 338 1
892 668 1
892 100 1
892 258 1
892 29 1
892 457 1
892 945 1
892 951 1
893 505 1
893 93 1
893 520 1
893 345 1
894 413 1
894 855 1
894 853 1
894 419 1
894 542 1
894 145 1
894 1028 1
894 823 1
894 491 1
894 1013 1
894 641 1
894 19 1
895 941 1
895 890 1
895 281 1
895 1025 1
895 277 1
895 417 1
895 920 1
896 777 1
896 838 1
896 50 1
896 1022 1
896 540 1
896 350 1
897 429 1
897 734 1
897 653 1
897 759 1
897 31 1
897 173 1
897 372 1
897 507 1
897 571 1
897 155 1
898 378 1
898 71 1
898 941 1
898 755 1
898 849 1
898 560 1
898 256 1
899 211 1
899 980 1
899 820 1
899 468 1
899 408 1
899 864 1
899 911 1
899 916 1
900 724 1
900 289 1
900 801 1
900 1029 1
900 1016 1
900 281 1
900 19 1
900 908 1
901 922 1
901 463 1
901 373 1
901 204 1
901 732 1
901 187 1
901 243 1
901 459 1
902 878 1
902 491 1
902 582 1
902 946 1
902 365 1
902 278 1
902 406 1
902 518 1
902 104 1
902 14 1
902 834 1
902 959 1
903 505 1
903 367 1
903 320 1
903 726 1
903 135 1
903 872 1
903 788 1
903 1013 1
903 911 1
903 688 1
903 449 1
904 146 1
904 601 1
904 193 1
904 84 1
904 888 1
904 439 1
904 952 1
905 953 1
905 478 1
905 690 1
905 503 1
905 301 1
905 1028 1
905 669 1
905 758 1
905 767 1
905 518 1
905 409 1
906 985 1
906 730 1
906 24 1
906 607 1
906 743 1
906 40 1
906 325 1
906 561 1
906 820 1
906 516 1
906 384 1
906 995 1
907 683 1
907 843 1
907 556 1
907 654 1
907 606 1
907 591 1
907 720 1
907 846 1
907 30 1
907 374 1
907 494 1
908 672 1
908 603 1
908 891 1
908 702 1
908 340 1
908 569 1
908 839 1
908 621 1
908 378 1
908 424 1
908 341 1
908 765 1
908 580 1
908 40 1
908 213 1
908 984 1
909 79 1
909 371 1
909 92 1
909 667 1
909 74 1
909 606 1
909 859 1
909 315 1
909 865 1
909 253 1
909 796 1
910 387 1
910 672 1
910 749 1
910 869 1
910 957 1
910 570 1
910 483 1
910 829 1
911 822 1
911 194 1
911 355 1
911 713 1
911 630 1
911 470 1
912 569 1
912 66 1
912 601 1
912 614 1
912 476 1
913 449 1
913 424 1
913 16 1
913 916 1
913 480 1
913 447 1
913 658 1
913 700 1
913 498 1
913 465 1
913 262 1
914 210 1
914 733 1
914 1012 1
914 351 1
914 283 1
914 183 1
915 618 1
915 569 1
915 447 1
915 240 1
915 866 1
915 176 1
915 81 1
915 589 1
915 543 1
915 529 1
916 686 1
916 95 1
916 646 1
916 844 1
916 1025 1
917 12 1
917 856 1
917 732 1
917 985 1
917 831 1
917 621 1
917 881 1
917 435 1
917 1025 1
917 964 1
917 545 1
917 773 1
918 270 1
918 309 1
918 53 1
918 747 1
918 571 1
918 458 1
918 472 1
918 41 1
918 154 1
918 761 1
919 829 1
919 484 1
919 449 1
919 442 1
919 464 1
919 186 1
919 18 1
919 981 1
919 859 1
920 750 1
920 933 1
920 1002 1
920 62 1
920 388 1
920 375 1
920 423 1
921 203 1
921 862 1
921 738 1
921 439 1
921 931 1
921 352 1
921 956 1
921 382 1
921 308 1
922 904 1
922 917 1
922 441 1
922 596 1
922 770 1
922 289 1
922 666 1
922 427 1
922 832 1
923 917 1
923 68 1
923 18 1
923 1009 1
923 1005 1
923 538 1
923 603 1
923 179 1
923 291 1
923 781 1
923 602 1
924 262 1
924 326 1
924 579 1
924 2 1
924 757 1
924 378 1
924 958 1
924 857 1
925 1028 1
925 292 1
925 958 1
925 844 1
925 2 1
925 986 1
925 896 1
925 475 1
925 336 1
926 294 1
926 179 1
926 770 1
926 734 1
926 799 1
926 952 1
926 215 1
926 958 1
926 226 1
926 490 1
927 547 1
927 910 1
927 376 1
927 398 1
927 857 1
927 156 1
927 915 1
927 854 1
928 614 1
928 401 1
928 14 1
928 873 1
928 259 1
928 258 1
928 66 1
928 965 1
928 244 1
928 805 1
928 61 1
928 380 1
929 821 1
929 81 1
929 447 1
929 835 1
929 477 1
929 347 1
929 227 1
929 207 1
930 841 1
930 525 1
930 292 1
930 58 1
930 658 1
930 682 1
930 614 1
931 214 1
931 205 1
931 1008 1
931 601 1
931 755 1
931 559 1
931 257 1
931 798 1
931 109 1
931 134 1
931 996 1
931 430 1
931 613 1
931 543 1
931 841 1
932 717 1
932 79 1
932 435 1
932 373 1
932 486 1
932 330 1
932 976 1
932 162 1
932 693 1
932 858 1
932 859 1
932 449 1
932 187 1
933 456 1
933 799 1
933 199 1
933 922 1
933 669 1
933 389 1
933 785 1
934 872 1
934 317 1
934 121 1
934 615 1
934 789 1
934 956 1
934 507 1
934 664 1
934 2 1
934 894 1
935 806 1
935 397 1
935 411 1
935 568 1
935 251 1
935 680 1
935 86 1
935 802 1
935 407 1
935 968 1
935 136 1
936 889 1
936 750 1
936 84 1
936 123 1
936 451 1
936 963 1
936 905 1
936 94 1
937 448 1
937 491 1
937 439 1
937 924 1
937 65 1
937 847 1
937 597 1
937 233 1
937 975 1
937 248 1
937 884 1
938 290 1
938 769 1
938 1021 1
938 275 1
938 45 1
939 279 1
939 127 1
939 863 1
939 292 1
939 176 1
939 995 1
939 217 1
939 17 1
939 529 1
939 484 1
940 826 1
940 357 1
940 25 1
940 692 1
941 860 1
941 958 1
941 319 1
941 445 1
941 906 1
941 595 1
941 364 1
941 155 1
941 520 1
942 257 1
942 337 1
942 674 1
942 760 1
942 2 1
942 861 1
942 766 1
942 322 1
942 985 1
942 759 1
942 612 1
942 461 1
942 560 1
942 321 1
942 14 1
943 140 1
943 583 1
943 83 1
943 559 1
943 554 1
943 887 1
943 55 1
943 356 1
944 748 1
944 742 1
944 760 1
944 1005 1
944 485 1
944 579 1
944 51 1
944 224 1
944 272 1
944 542 1
944 931 1
944 992 1
944 370 1
945 423 1
945 105 1
945 354 1
945 480 1
945 749 1
945 273 1
945 564 1
945 864 1
945 380 1
946 484 1
946 962 1
946 827 1
946 184 1
946 905 1
946 532 1
946 447 1
946 634 1
947 91 1
947 771 1
947 265 1
947 790 1
947 319 1
947 723 1
947 745 1
947 104 1
947 528 1
948 196 1
948 1017 1
948 202 1
948 368 1
948 485 1
948 663 1
948 769 1
948 901 1
948 557 1
948 692 1
948 488 1
948 975 1
948 989 1
948 200 1
948 815 1
948 945 1
949 678 1
949 1003 1
949 470 1
949 150 1
949 310 1
949 446 1
950 0 1
950 92 1
950 712 1
950 405 1
950 806 1
950 201 1
950 334 1
950 889 1
950 103 1
950 147 1
950 144 1
950 60 1
950 314 1
950 453 1
951 181 1
951 197 1
951 806 1
951 107 1
951 39 1
951 110 1
951 474 1
951 875 1
951 974 1
951 281 1
952 291 1
952 86 1
952 368 1
952 328 1
953 913 1
953 312 1
953 921 1
953 999 1
953 651 1
953 144 1
954 515 1
954 243 1
954 985 1
954 852 1
954 748 1
954 299 1
954 383 1
954 25 1
954 363 1
954 239 1
955 418 1
955 401 1
955 320 1
955 66 1
955 474 1
955 991 1
956 641 1
956 738 1
956 120 1
956 851 1
956 483 1
956 691 1
956 930 1
956 645 1
956 488 1
956 363 1
956 81 1
956 1004 1
956 739 1
956 20 1
956 433 1
957 649 1
957 32 1
957 290 1
957 394 1
957 746 1
957 688 1
957 369 1
957 1023 1
957 229 1
957 13 1
957 739 1
958 652 1
958 591 1
958 366 1
958 124 1
958 757 1
958 332 1
958 73 1
958 407 1
958 203 1
958 71 1
958 818 1
958 787 1
958 670 1
958 326 1
958 569 1
958 726 1
959 130 1
959 807 1
959 61 1
959 868 1
959 857 1
959 967 1
959 884 1
959 200 1
960 703 1
960 576 1
960 943 1
960 431 1
960 620 1
960 209 1
960 39 1
960 759 1
960 674 1
960 537 1
960 429 1
960 438 1
960 184 1
961 443 1
961 769 1
961 849 1
961 397 1
961 924 1
961 327 1
961 670 1
961 575 1
961 431 1
962 883 1
962 865 1
962 370 1
962 759 1
962 55 1
962 410 1
962 594 1
963 489 1
963 279 1
963 408 1
963 1017 1
963 231 1
963 65 1
963 456 1
963 569 1
963 583 1
963 512 1
963 820 1
963 565 1
963 599 1
963 330 1
964 224 1
964 396 1
964 579 1
964 121 1
964 871 1
964 444 1
964 307 1
964 118 1
964 616 1
964 163 1
964 953 1
964 233 1
965 521 1
965 747 1
965 954 1
965 525 1
965 197 1
965 561 1
965 99 1
965 17 1
965 995 1
965 960 1
965 428 1
965 429 1
965 739 1
965 802 1
965 224 1
965 468 1
966 748 1
966 384 1
966 501 1
966 911 1
966 454 1
966 140 1
966 981 1
967 921 1
967 118 1
967 1015 1
967 296 1
968 26 1
968 615 1
968 410 1
968 223 1
968 129 1
968 472 1
968 454 1
968 927 1
968 467 1
968 277 1
968 634 1
968 147 1
968 648 1
968 682 1
969 278 1
969 133 1
969 755 1
969 923 1
969 302 1
969 363 1
969 82 1
969 666 1
969 109 1
969 129 1
969 158 1
969 763 1
969 181 1
969 382 1
970 945 1
970 282 1
970 41 1
970 962 1
970 481 1
970 580 1
970 270 1
971 844 1
971 24 1
971 636 1
971 441 1
971 780 1
971 896 1
971 856 1
972 403 1
972 876 1
972 475 1
972 85 1
972 385 1
972 441 1
972 305 1
972 847 1
972 201 1
973 551 1
973 924 1
973 314 1
973 632 1
973 409 1
973 718 1
973 922 1
973 80 1
973 728 1
973 571 1
973 348 1
973 47 1
974 599 1
974 446 1
974 525 1
974 121 1
974 67 1
974 475 1
974 0 1
974 625 1
974 252 1
974 7 1
974 887 1
974 553 1
974 480 1
974 354 1
975 167 1
975 986 1
975 49 1
975 324 1
975 632 1
975 119 1
975 915 1
975 210 1
975 663 1
975 625 1
976 326 1
976 642 1
976 934 1
976 922 1
976 904 1
976 339 1
976 160 1
976 735 1
976 997 1
976 686 1
976 682 1
976 166 1
977 216 1
977 393 1
977 699 1
977 923 1
977 769 1
977 588 1
977 531 1
978 524 1
978 677 1
978 279 1
978 961 1
978 42 1
978 707 1
979 635 1
979 375 1
979 371 1
979 34 1
979 484 1
979 54 1
979 885 1
979 152 1
980 1009 1
980 812 1
980 392 1
980 631 1
980 60 1
980 575 1
980 381 1
980 935 1
980 590 1
981 735 1
981 186 1
981 990 1
981 45 1
981 493 1
981 94 1
981 351 1
981 662 1
981 272 1
981 862 1
982 553 1
982 74 1
982 523 1
982 172 1
982 114 1
982 814 1
982 308 1
982 880 1
982 323 1
982 679 1
983 574 1
983 267 1
983 197 1
983 783 1
983 236 1
983 102 1
983 862 1
984 599 1
984 936 1
984 211 1
984 558 1
984 685 1
985 836 1
985 275 1
985 633 1
985 97 1
985 724 1
986 627 1
986 907 1
986 457 1
986 359 1
986 154 1
986 845 1
986 820 1
986 925 1
986 757 1
986 1019 1
986 647 1
986 383 1
986 288 1
986 473 1
986 289 1
987 483 1
987 705 1
987 6 1
987 598 1
987 64 1
987 549 1
987 820 1
987 804 1
987 399 1
988 475 1
988 849 1
988 952 1
988 1001 1
988 822 1
988 1015 1
988 551 1
988 434 1
988 511 1
989 671 1
989 755 1
989 643 1
989 829 1
989 237 1
989 407 1
989 129 1
989 391 1
989 440 1
989 648 1
989 120 1
989 921 1
990 294 1
990 998 1
990 875 1
990 782 1
990 786 1
990 876 1
990 531 1
991 766 1
991 934 1
991 821 1
991 942 1
991 294 1
991 963 1
991 67 1
991 865 1
991 996 1
992 971 1
992 556 1
992 521 1
992 664 1
992 804 1
992 498 1
993 1020 1
993 84 1
993 132 1
993 358 1
993 671 1
993 383 1
993 866 1
993 370 1
993 850 1
993 312 1
994 55 1
994 368 1
994 871 1
994 588 1
994 1026 1
995 448 1
995 460 1
995 161 1
995 646 1
995 849 1
995 247 1
995 206 1
995 824 1
996 284 1
996 614 1
996 721 1
997 608 1
997 481 1
997 75 1
997 250 1
997 755 1
997 790 1
997 973 1
997 292 1
997 983 1
997 0 1
997 722 1
997 907 1
998 298 1
998 487 1
998 784 1
998 826 1
998 528 1
998 944 1
998 697 1
998 201 1
998 254 1
998 911 1
998 358 1
998 174 1
999 4 1
999 355 1
999 877 1
999 476 1
999 871 1
999 604 1
999 1000 1
999 996 1
999 149 1
999 52 1
999 115 1
999 50 1
999 913 1
999 739 1
1000 632 1
1000 423 1
1000 190 1
1000 155 1
1000 681 1
1000 806 1
1000 757 1
1001 993 1
1001 209 1
1001 817 1
1001 337 1
1001 946 1
1001 650 1
1002 498 1
1002 971 1
1002 53 1
1002 25 1
1002 432 1
1002 17 1
1002 424 1
1002 827 1
1003 405 1
1003 102 1
1003 877 1
1003 279 1
1003 543 1
1003 343 1
1004 867 1
1004 773 1
1004 805 1
1004 137 1
1004 8 1
1004 1015 1
1004 646 1
1004 38 1
1005 395 1
1005 222 1
1005 982 1
1005 453 1
1005 634 1
1005 450 1
1005 816 1
1005 50 1
1005 249 1
1005 614 1
1005 804 1
1005 603 1
1006 768 1
1006 689 1
1006 749 1
1006 985 1
1006 762 1
1006 903 1
1006 707 1
1006 638 1
1007 957 1
1007 680 1
1007 837 1
1007 395 1
1007 358 1
1007 508 1
1007 730 1
1007 407 1
1007 503 1
1007 92 1
1008 627 1
1008 463 1
1008 91 1
1008 118 1
1008 219 1
1008 15 1
1008 752 1
1008 187 1
1008 606 1
1009 81 1
1009 840 1
1009 646 1
1009 190 1
1009 314 1
1009 303 1
1009 188 1
1009 145 1
1009 898 1
1009 19 1
1009 721 1
1009 573 1
1010 335 1
1010 117 1
1010 746 1
1010 898 1
1010 90 1
1010 907 1
1010 631 1
1010 741 1
1011 124 1
1011 396 1
1011 442 1
1011 88 1
1011 518 1
1011 583 1
1011 931 1
1012 77 1
1012 168 1
1012 228 1
1012 559 1
1012 39 1
1012 584 1
1012 488 1
1012 751 1
1013 215 1
1013 728 1
1013 828 1
1013 981 1
1013 273 1
1013 609 1
1013 741 1
1014 892 1
1014 547 1
1014 585 1
1014 566 1
1014 966 1
1014 874 1
1015 104 1
1015 976 1
1015 1005 1
1015 790 1
1015 609 1
1015 388 1
1016 809 1
1016 927 1
1016 909 1
1016 904 1
1016 427 1
1016 944 1
1016 956 1
1016 16 1
1017 89 1
1017 51 1
1017 710 1
1017 645 1
1017 347 1
1017 996 1
1017 141 1
1018 521 1
1018 820 1
1018 573 1
1018 990 1
1018 421 1
1018 875 1
1018 687 1
1018 760 1
1018 425 1
1018 167 1
1019 550 1
1019 62 1
1019 867 1
1019 81 1
1019 1005 1
1019 255 1
1019 1025 1
1019 889 1
1019 300 1
1019 760 1
1019 415 1
1019 675 1
1019 827 1
1019 154 1
1019 275 1
1020 437 1
1020 569 1
1020 555 1
1020 752 1
1020 291 1
1021 692 1
1021 3 1
1021 369 1
1021 52 1
1021 271 1
1021 371 1
1021 826 1
1022 782 1
1022 8 1
1022 951 1
1022 656 1
1022 773 1
1022 484 1
1022 248 1
1022 450 1
1022 89 1
1022 213 1
1023 91 1
1023 217 1
1023 100 1
1023 173 1
1023 894 1
1023 81 1
1023 616 1
1024 743 1
1024 534 1
1024 712 1
1024 1029 1
1024 179 1
1024 128 1
1024 1019 1
1025 17 1
1025 136 1
1025 504 1
1025 480 1
1025 676 1
1025 614 1
1025 314 1
1025 636 1
1026 344 1
1026 43 1
1026 974 1
1026 443 1
1026 634 1
1026 791 1
1026 516 1
1026 419 1
1026 58 1
1027 9 1
1027 358 1
1027 916 1
1027 580 1
1027 890 1
1027 648 1
1027 286 1
1027 873 1
1027 417 1
1027 757 1
1027 710 1
1028 68 1
1028 549 1
1028 262 1
1028 988 1
1028 203 1
1028 581 1
1029 961 1
1029 432 1
1029 305 1
1029 495 1
1029 202 1
1029 989 1
1029 729 1
