# Nodes: 520 Edges: 5000
0 208 1
0 127 1
0 200 1
0 407 1
0 184 1
0 102 1
0 155 1
0 406 1
0 10 1
1 230 1
1 350 1
1 253 1
1 354 1
1 249 1
1 328 1
1 14 1
2 250 1
2 102 1
2 473 1
2 132 1
2 286 1
2 140 1
2 251 1
2 354 1
2 53 1
2 231 1
2 493 1
2 247 1
2 183 1
3 146 1
3 246 1
3 167 1
3 487 1
3 151 1
4 291 1
4 300 1
4 504 1
4 500 1
4 52 1
4 234 1
4 41 1
4 324 1
4 481 1
4 49 1
4 488 1
4 482 1
5 455 1
5 57 1
5 478 1
5 6 1
5 427 1
5 230 1
5 153 1
5 444 1
6 339 1
6 55 1
6 312 1
6 8 1
6 492 1
6 342 1
6 148 1
6 403 1
7 488 1
7 196 1
7 148 1
7 213 1
7 500 1
7 257 1
7 228 1
7 165 1
7 241 1
8 170 1
8 439 1
8 308 1
8 126 1
8 209 1
8 320 1
8 317 1
8 200 1
8 68 1
8 216 1
8 336 1
8 247 1
9 293 1
9 495 1
9 492 1
9 40 1
9 191 1
9 240 1
9 474 1
9 252 1
10 162 1
10 466 1
10 341 1
10 167 1
10 76 1
10 161 1
10 61 1
10 500 1
10 216 1
10 157 1
10 297 1
10 186 1
11 199 1
11 289 1
11 290 1
11 317 1
11 279 1
11 488 1
11 447 1
11 319 1
11 374 1
11 337 1
11 286 1
11 201 1
11 237 1
12 389 1
12 64 1
12 474 1
12 480 1
12 19 1
12 15 1
12 277 1
12 198 1
13 109 1
13 115 1
13 389 1
13 396 1
13 125 1
13 38 1
13 10 1
13 397 1
13 353 1
13 398 1
13 180 1
13 365 1
13 273 1
13 156 1
14 193 1
14 486 1
14 119 1
14 273 1
14 280 1
14 13 1
14 28 1
14 213 1
14 377 1
14 78 1
15 357 1
15 100 1
15 481 1
15 436 1
15 249 1
15 517 1
15 241 1
15 324 1
15 378 1
15 140 1
15 473 1
15 224 1
15 488 1
15 176 1
16 161 1
16 175 1
16 69 1
16 417 1
16 454 1
17 419 1
17 324 1
17 63 1
17 28 1
18 402 1
18 80 1
18 165 1
18 150 1
18 276 1
18 279 1
18 232 1
18 77 1
18 325 1
18 6 1
18 451 1
19 150 1
19 339 1
19 218 1
19 403 1
19 59 1
19 513 1
19 491 1
19 92 1
20 356 1
20 469 1
20 31 1
20 499 1
20 302 1
20 466 1
20 268 1
20 37 1
20 192 1
21 70 1
21 406 1
21 436 1
21 470 1
21 108 1
21 453 1
22 263 1
22 485 1
22 193 1
22 398 1
22 336 1
22 65 1
22 106 1
23 333 1
23 15 1
23 317 1
23 289 1
23 31 1
24 326 1
24 158 1
24 333 1
24 234 1
24 206 1
24 458 1
24 22 1
24 61 1
24 343 1
24 338 1
24 20 1
24 310 1
25 408 1
25 52 1
25 176 1
25 321 1
25 254 1
25 29 1
25 462 1
25 23 1
25 137 1
25 83 1
25 86 1
25 291 1
25 239 1
26 365 1
26 183 1
26 87 1
26 466 1
26 226 1
26 503 1
26 159 1
26 497 1
26 357 1
26 397 1
26 476 1
26 65 1
26 79 1
26 291 1
26 308 1
26 235 1
27 490 1
27 72 1
27 325 1
27 173 1
28 34 1
28 314 1
28 243 1
28 376 1
28 406 1
28 464 1
28 421 1
28 123 1
28 24 1
28 46 1
29 275 1
29 18 1
29 167 1
29 152 1
29 493 1
29 431 1
29 453 1
29 68 1
29 506 1
29 221 1
29 317 1
29 56 1
29 214 1
30 229 1
30 486 1
30 483 1
30 44 1
30 511 1
30 21 1
30 322 1
30 139 1
30 498 1
31 294 1
31 262 1
31 464 1
31 232 1
31 32 1
31 470 1
31 302 1
31 216 1
31 323 1
31 1 1
31 331 1
32 10 1
32 99 1
32 98 1
32 256 1
32 43 1
32 370 1
32 192 1
32 450 1
33 472 1
33 15 1
33 438 1
33 391 1
33 403 1
33 248 1
33 59 1
33 358 1
33 399 1
33 274 1
34 432 1
34 391 1
34 21 1
34 390 1
34 41 1
34 147 1
34 43 1
34 224 1
34 427 1
35 227 1
35 40 1
35 334 1
35 366 1
35 429 1
35 293 1
35 458 1
35 354 1
36 128 1
36 320 1
36 72 1
36 454 1
36 326 1
36 422 1
36 408 1
36 449 1
36 362 1
37 19 1
37 368 1
37 484 1
37 75 1
37 512 1
37 497 1
37 292 1
38 258 1
38 73 1
38 399 1
39 387 1
39 479 1
39 314 1
39 509 1
39 82 1
39 363 1
39 59 1
39 516 1
40 254 1
40 154 1
40 397 1
40 205 1
40 24 1
40 463 1
40 340 1
41 114 1
41 266 1
41 5 1
41 224 1
41 482 1
41 425 1
42 315 1
42 273 1
42 219 1
42 221 1
42 180 1
42 241 1
43 174 1
43 184 1
43 445 1
44 459 1
44 518 1
44 444 1
44 433 1
44 27 1
44 245 1
44 449 1
44 463 1
44 412 1
44 283 1
44 482 1
44 32 1
44 491 1
45 241 1
45 222 1
45 81 1
45 317 1
45 20 1
45 310 1
45 356 1
45 302 1
45 31 1
45 77 1
45 213 1
45 183 1
45 508 1
45 318 1
45 152 1
45 401 1
46 162 1
46 515 1
46 496 1
46 469 1
46 451 1
46 296 1
46 38 1
46 113 1
46 169 1
46 143 1
46 245 1
46 504 1
47 332 1
47 260 1
47 338 1
47 280 1
47 259 1
47 306 1
47 286 1
47 301 1
47 397 1
47 212 1
47 15 1
47 272 1
47 205 1
48 307 1
48 170 1
48 32 1
48 190 1
48 497 1
48 178 1
48 400 1
48 188 1
48 221 1
48 24 1
49 68 1
49 210 1
49 16 1
49 290 1
49 184 1
49 119 1
49 189 1
49 258 1
49 375 1
49 136 1
49 229 1
49 260 1
50 268 1
50 432 1
50 433 1
50 181 1
50 94 1
50 58 1
50 90 1
50 447 1
50 149 1
50 78 1
51 288 1
51 155 1
51 11 1
51 150 1
51 92 1
51 279 1
51 15 1
51 471 1
52 513 1
52 448 1
52 417 1
52 222 1
52 202 1
52 220 1
52 396 1
52 208 1
52 496 1
53 71 1
53 275 1
53 443 1
53 147 1
53 27 1
53 37 1
53 315 1
53 459 1
53 204 1
53 98 1
53 387 1
54 164 1
54 229 1
54 25 1
54 434 1
54 415 1
54 176 1
54 441 1
54 216 1
55 260 1
55 279 1
55 461 1
55 27 1
55 413 1
55 419 1
55 220 1
55 342 1
56 495 1
56 297 1
56 490 1
56 185 1
56 133 1
56 363 1
56 509 1
56 383 1
56 208 1
56 309 1
56 429 1
56 452 1
56 50 1
56 222 1
56 319 1
56 220 1
57 280 1
57 3 1
57 361 1
57 142 1
57 331 1
57 454 1
57 380 1
57 75 1
57 275 1
57 221 1
58 262 1
58 436 1
58 183 1
58 255 1
58 219 1
58 484 1
58 401 1
58 108 1
58 354 1
58 24 1
58 358 1
58 375 1
59 27 1
59 268 1
59 270 1
59 203 1
59 344 1
59 165 1
59 394 1
59 420 1
60 417 1
60 485 1
60 435 1
60 231 1
60 223 1
60 151 1
60 436 1
60 347 1
60 260 1
60 255 1
60 262 1
60 7 1
60 52 1
61 433 1
61 51 1
61 370 1
61 251 1
61 468 1
61 243 1
61 276 1
61 463 1
61 127 1
61 281 1
61 377 1
61 2 1
61 459 1
61 488 1
62 273 1
62 128 1
62 316 1
62 302 1
62 496 1
62 480 1
63 161 1
63 76 1
63 153 1
63 514 1
63 334 1
63 41 1
63 55 1
63 299 1
64 413 1
64 277 1
64 176 1
64 373 1
64 147 1
64 518 1
65 229 1
65 403 1
65 266 1
65 172 1
65 325 1
65 509 1
65 175 1
65 90 1
66 143 1
66 310 1
66 455 1
66 209 1
66 392 1
66 126 1
66 341 1
66 38 1
67 252 1
67 370 1
67 120 1
67 158 1
67 462 1
67 219 1
67 89 1
67 293 1
67 48 1
67 385 1
68 484 1
68 10 1
68 430 1
68 331 1
68 494 1
68 97 1
68 261 1
68 162 1
68 250 1
68 517 1
69 114 1
69 168 1
69 197 1
69 395 1
69 391 1
69 147 1
69 484 1
69 181 1
69 84 1
70 54 1
70 93 1
70 414 1
70 295 1
70 384 1
70 443 1
70 273 1
70 96 1
70 132 1
70 62 1
70 352 1
70 89 1
71 336 1
71 515 1
71 94 1
71 147 1
71 125 1
71 417 1
71 406 1
71 11 1
72 286 1
72 142 1
72 44 1
72 480 1
72 236 1
72 305 1
72 284 1
72 131 1
72 233 1
72 508 1
73 218 1
73 388 1
73 17 1
73 515 1
74 308 1
74 283 1
74 333 1
74 141 1
74 252 1
74 267 1
74 362 1
74 184 1
74 285 1
75 36 1
75 99 1
75 87 1
75 323 1
75 195 1
75 189 1
75 152 1
75 419 1
75 496 1
75 37 1
76 393 1
76 245 1
76 113 1
76 179 1
76 230 1
76 168 1
76 469 1
76 259 1
76 408 1
76 466 1
76 176 1
76 301 1
77 108 1
77 271 1
77 234 1
77 39 1
77 228 1
77 347 1
77 318 1
77 231 1
77 96 1
77 391 1
77 314 1
78 104 1
78 252 1
78 282 1
78 473 1
78 36 1
78 185 1
79 185 1
79 166 1
79 181 1
79 176 1
79 461 1
79 198 1
79 402 1
79 340 1
79 478 1
79 271 1
79 54 1
79 36 1
79 9 1
79 437 1
79 124 1
80 73 1
80 188 1
80 224 1
80 355 1
80 339 1
80 377 1
80 263 1
81 277 1
81 57 1
81 196 1
81 499 1
81 206 1
81 234 1
82 437 1
82 272 1
82 328 1
82 359 1
82 233 1
82 20 1
82 454 1
82 510 1
82 215 1
82 495 1
83 240 1
83 358 1
83 330 1
83 408 1
83 113 1
83 40 1
83 334 1
84 320 1
84 16 1
84 67 1
84 163 1
85 220 1
85 501 1
85 167 1
85 86 1
85 258 1
85 334 1
85 246 1
85 493 1
85 34 1
85 231 1
85 388 1
85 193 1
85 202 1
85 451 1
85 328 1
85 168 1
86 50 1
86 277 1
86 69 1
86 307 1
86 15 1
86 427 1
86 445 1
86 45 1
86 463 1
87 445 1
87 415 1
87 519 1
87 509 1
87 155 1
87 333 1
87 400 1
87 222 1
87 410 1
87 125 1
87 413 1
88 389 1
88 350 1
88 110 1
88 202 1
88 310 1
88 491 1
88 207 1
88 61 1
88 78 1
88 72 1
89 240 1
89 279 1
89 437 1
89 93 1
89 456 1
89 328 1
89 349 1
89 342 1
89 4 1
89 464 1
89 461 1
89 182 1
90 257 1
90 258 1
90 260 1
90 245 1
90 377 1
90 351 1
91 105 1
91 483 1
91 243 1
91 454 1
91 428 1
92 47 1
92 108 1
92 280 1
92 22 1
92 342 1
92 439 1
92 218 1
92 422 1
92 351 1
92 189 1
92 52 1
92 121 1
93 53 1
93 135 1
93 185 1
93 333 1
93 482 1
93 318 1
93 468 1
93 196 1
93 493 1
93 7 1
94 277 1
94 215 1
94 445 1
94 151 1
94 286 1
94 42 1
94 263 1
94 160 1
95 401 1
95 280 1
95 440 1
95 406 1
95 453 1
95 101 1
96 496 1
96 36 1
96 389 1
96 132 1
96 291 1
96 74 1
96 510 1
96 144 1
97 298 1
97 246 1
97 18 1
97 515 1
97 92 1
97 313 1
97 193 1
97 33 1
97 96 1
97 198 1
97 64 1
97 472 1
97 227 1
97 365 1
97 219 1
97 340 1
98 491 1
98 72 1
98 285 1
98 262 1
98 52 1
98 371 1
98 511 1
98 273 1
98 477 1
98 296 1
98 154 1
99 492 1
99 269 1
99 484 1
99 315 1
99 336 1
99 344 1
99 217 1
99 312 1
99 495 1
100 253 1
100 417 1
100 468 1
100 430 1
100 58 1
100 414 1
100 38 1
100 514 1
101 501 1
101 434 1
101 122 1
101 255 1
101 334 1
101 486 1
101 290 1
101 228 1
101 377 1
102 209 1
102 312 1
102 221 1
102 225 1
102 496 1
102 240 1
102 474 1
102 479 1
102 148 1
103 44 1
103 507 1
103 254 1
103 129 1
103 504 1
103 443 1
103 437 1
103 450 1
103 270 1
103 126 1
103 89 1
103 171 1
103 163 1
103 155 1
104 516 1
104 342 1
104 79 1
104 245 1
104 66 1
105 11 1
105 25 1
105 202 1
105 90 1
105 300 1
105 444 1
105 164 1
105 58 1
105 226 1
105 451 1
105 7 1
106 75 1
106 336 1
106 302 1
106 1 1
106 371 1
106 511 1
106 351 1
107 261 1
107 297 1
107 210 1
107 266 1
107 229 1
107 127 1
107 82 1
107 469 1
108 96 1
108 443 1
108 31 1
108 53 1
108 427 1
108 152 1
108 131 1
108 82 1
108 481 1
108 38 1
108 502 1
109 269 1
109 312 1
109 139 1
109 65 1
109 444 1
109 412 1
109 393 1
109 373 1
109 489 1
109 323 1
109 320 1
110 270 1
110 476 1
110 413 1
110 133 1
110 191 1
110 264 1
110 76 1
111 502 1
111 176 1
111 301 1
111 380 1
111 102 1
111 513 1
111 103 1
111 451 1
111 90 1
111 185 1
111 363 1
111 141 1
112 292 1
112 199 1
112 214 1
112 118 1
112 219 1
112 511 1
112 503 1
112 404 1
112 251 1
113 201 1
113 502 1
113 168 1
113 269 1
113 512 1
113 340 1
113 360 1
113 181 1
113 329 1
113 104 1
113 475 1
113 345 1
113 453 1
113 246 1
114 258 1
114 276 1
114 193 1
114 399 1
114 150 1
114 53 1
114 435 1
114 214 1
114 159 1
115 13 1
115 12 1
115 111 1
115 54 1
115 41 1
115 217 1
115 142 1
115 372 1
115 108 1
116 146 1
116 438 1
116 107 1
116 457 1
116 358 1
116 119 1
116 487 1
116 256 1
116 196 1
116 483 1
116 7 1
116 314 1
116 236 1
117 500 1
117 153 1
117 286 1
117 411 1
117 77 1
118 163 1
118 512 1
118 291 1
118 107 1
118 161 1
118 226 1
118 333 1
118 173 1
118 326 1
118 483 1
118 114 1
118 46 1
118 144 1
119 347 1
119 387 1
119 51 1
119 390 1
119 285 1
119 199 1
119 84 1
120 380 1
120 243 1
120 196 1
120 460 1
120 130 1
120 260 1
120 160 1
120 77 1
121 181 1
121 9 1
121 106 1
121 386 1
121 232 1
121 217 1
121 186 1
121 27 1
121 130 1
122 379 1
122 293 1
122 428 1
122 108 1
122 29 1
122 331 1
122 387 1
122 71 1
122 450 1
123 388 1
123 46 1
123 116 1
123 419 1
123 517 1
123 312 1
123 499 1
124 513 1
124 64 1
124 406 1
124 499 1
124 0 1
124 303 1
124 420 1
124 384 1
124 421 1
124 295 1
124 265 1
125 208 1
125 456 1
125 77 1
125 366 1
125 93 1
125 311 1
125 16 1
125 144 1
126 256 1
126 80 1
126 219 1
126 184 1
126 507 1
126 95 1
126 134 1
126 458 1
126 237 1
127 11 1
127 336 1
127 478 1
127 419 1
127 72 1
127 206 1
127 511 1
127 229 1
127 128 1
127 75 1
127 450 1
128 120 1
128 310 1
128 8 1
128 442 1
128 103 1
128 414 1
128 212 1
128 61 1
129 201 1
129 469 1
129 183 1
129 380 1
129 93 1
130 367 1
130 92 1
130 43 1
130 397 1
130 209 1
130 487 1
130 225 1
130 173 1
130 409 1
130 145 1
131 292 1
131 321 1
131 170 1
131 484 1
131 225 1
131 287 1
131 325 1
131 423 1
131 414 1
131 112 1
131 489 1
131 370 1
131 242 1
131 35 1
132 60 1
132 230 1
132 142 1
132 180 1
132 141 1
132 496 1
132 202 1
132 115 1
133 162 1
133 182 1
133 376 1
133 481 1
133 501 1
133 222 1
133 33 1
133 75 1
133 356 1
133 404 1
133 344 1
133 27 1
133 117 1
133 362 1
133 275 1
134 90 1
134 37 1
134 352 1
134 96 1
134 346 1
134 18 1
135 419 1
135 460 1
135 50 1
135 69 1
135 226 1
136 190 1
136 15 1
136 491 1
136 420 1
136 40 1
136 509 1
136 215 1
136 255 1
136 249 1
136 198 1
136 282 1
136 460 1
136 395 1
136 387 1
137 207 1
137 126 1
137 385 1
137 73 1
137 415 1
137 319 1
137 115 1
137 20 1
137 136 1
137 119 1
138 336 1
138 450 1
138 139 1
138 174 1
138 79 1
138 141 1
138 417 1
139 354 1
139 120 1
139 53 1
139 258 1
139 49 1
139 267 1
139 281 1
139 130 1
140 370 1
140 2 1
140 314 1
140 226 1
140 285 1
140 470 1
141 418 1
141 15 1
141 202 1
141 281 1
141 305 1
141 245 1
141 503 1
141 376 1
141 403 1
141 104 1
141 327 1
141 60 1
142 440 1
142 70 1
142 49 1
142 497 1
142 364 1
142 350 1
142 446 1
142 215 1
143 348 1
143 192 1
143 462 1
143 452 1
143 439 1
143 182 1
143 125 1
144 97 1
144 304 1
144 345 1
144 116 1
144 318 1
144 402 1
144 343 1
144 36 1
144 240 1
144 472 1
144 451 1
144 170 1
145 163 1
145 464 1
145 287 1
145 172 1
145 358 1
145 133 1
145 428 1
146 272 1
146 59 1
146 31 1
146 114 1
146 237 1
146 354 1
146 248 1
146 226 1
147 60 1
147 34 1
147 49 1
147 469 1
147 317 1
147 363 1
147 342 1
147 198 1
147 262 1
147 251 1
147 389 1
147 135 1
147 246 1
147 442 1
147 138 1
148 353 1
148 238 1
148 512 1
148 196 1
148 6 1
148 419 1
148 35 1
148 295 1
148 223 1
148 4 1
149 304 1
149 103 1
149 239 1
149 52 1
149 392 1
149 271 1
149 269 1
150 230 1
150 368 1
150 508 1
150 18 1
150 367 1
150 87 1
150 124 1
150 127 1
150 201 1
151 376 1
151 5 1
151 170 1
151 1 1
151 212 1
151 198 1
151 491 1
151 333 1
151 53 1
151 85 1
151 189 1
152 223 1
152 182 1
152 85 1
152 303 1
152 482 1
152 333 1
152 179 1
152 414 1
152 156 1
152 192 1
152 260 1
152 46 1
152 133 1
153 296 1
153 396 1
153 366 1
153 337 1
153 460 1
153 152 1
153 29 1
153 13 1
153 380 1
153 239 1
153 339 1
154 400 1
154 221 1
154 321 1
154 322 1
154 286 1
154 435 1
154 182 1
154 405 1
154 319 1
154 476 1
154 113 1
154 28 1
154 205 1
155 492 1
155 452 1
155 132 1
155 26 1
155 442 1
155 427 1
155 200 1
155 412 1
155 380 1
156 365 1
156 453 1
156 25 1
156 414 1
156 439 1
156 149 1
156 235 1
156 12 1
156 412 1
156 228 1
156 224 1
156 232 1
157 457 1
157 458 1
157 97 1
157 302 1
157 511 1
157 139 1
157 357 1
157 396 1
157 370 1
157 317 1
157 174 1
157 172 1
157 99 1
157 340 1
158 69 1
158 254 1
158 199 1
158 101 1
158 240 1
159 74 1
159 307 1
159 97 1
159 243 1
159 163 1
160 362 1
160 324 1
160 216 1
160 363 1
160 320 1
160 117 1
160 488 1
160 65 1
160 61 1
160 430 1
160 40 1
160 432 1
160 195 1
160 471 1
161 45 1
161 257 1
161 374 1
161 292 1
162 354 1
162 179 1
162 449 1
162 31 1
162 79 1
162 347 1
162 184 1
162 425 1
162 334 1
162 78 1
163 280 1
163 516 1
163 365 1
163 147 1
163 46 1
163 208 1
163 48 1
163 19 1
163 485 1
164 356 1
164 498 1
164 297 1
164 459 1
164 153 1
164 159 1
164 90 1
164 83 1
165 47 1
165 284 1
165 288 1
165 265 1
165 178 1
165 5 1
165 261 1
165 320 1
166 151 1
166 300 1
166 350 1
166 298 1
166 189 1
166 441 1
166 223 1
166 477 1
166 489 1
166 72 1
167 380 1
167 153 1
167 311 1
167 391 1
167 352 1
167 282 1
167 193 1
167 66 1
167 91 1
167 79 1
167 55 1
168 159 1
168 514 1
168 401 1
168 387 1
168 91 1
168 187 1
168 163 1
168 136 1
168 411 1
168 235 1
168 279 1
168 325 1
168 3 1
168 369 1
169 164 1
169 114 1
169 375 1
169 205 1
169 125 1
169 361 1
169 427 1
169 331 1
169 194 1
169 500 1
169 11 1
169 236 1
169 126 1
170 349 1
170 116 1
170 491 1
170 386 1
170 330 1
170 335 1
170 314 1
170 59 1
170 58 1
170 318 1
171 82 1
171 237 1
171 60 1
171 19 1
171 405 1
171 495 1
172 439 1
172 8 1
172 275 1
173 496 1
173 433 1
173 417 1
173 10 1
173 497 1
173 292 1
173 90 1
173 377 1
173 505 1
174 169 1
174 97 1
174 357 1
174 28 1
174 224 1
174 453 1
174 60 1
174 478 1
174 507 1
174 218 1
174 126 1
175 39 1
175 405 1
175 232 1
175 256 1
175 6 1
175 318 1
175 66 1
175 56 1
175 429 1
175 134 1
175 182 1
175 25 1
175 64 1
176 437 1
176 295 1
176 83 1
176 410 1
176 321 1
176 335 1
176 380 1
176 164 1
176 259 1
176 502 1
177 241 1
177 392 1
177 517 1
177 361 1
177 366 1
177 237 1
177 315 1
177 25 1
177 216 1
177 66 1
178 19 1
178 449 1
178 88 1
178 332 1
178 122 1
178 355 1
178 137 1
178 365 1
178 256 1
179 335 1
179 125 1
179 287 1
179 75 1
179 360 1
179 371 1
179 149 1
179 128 1
179 357 1
179 208 1
179 479 1
180 255 1
180 164 1
180 338 1
180 42 1
180 406 1
180 167 1
180 252 1
180 319 1
180 194 1
180 323 1
180 427 1
181 330 1
181 323 1
181 479 1
181 326 1
181 174 1
181 108 1
181 411 1
181 40 1
182 270 1
182 283 1
182 214 1
182 146 1
183 201 1
183 159 1
183 65 1
183 202 1
183 16 1
183 323 1
183 322 1
183 235 1
183 241 1
183 123 1
184 153 1
184 360 1
184 461 1
184 134 1
184 4 1
184 278 1
185 240 1
185 49 1
185 421 1
185 68 1
185 1 1
185 309 1
185 66 1
185 387 1
185 319 1
185 144 1
185 89 1
185 461 1
185 372 1
185 494 1
185 351 1
186 475 1
186 118 1
186 371 1
186 18 1
186 261 1
186 181 1
186 208 1
186 85 1
186 194 1
186 387 1
186 443 1
186 78 1
186 414 1
186 84 1
187 339 1
187 148 1
187 134 1
187 336 1
187 332 1
187 379 1
187 320 1
187 152 1
187 79 1
187 462 1
187 496 1
188 87 1
188 403 1
188 337 1
188 444 1
188 75 1
189 472 1
189 408 1
189 292 1
189 332 1
189 149 1
189 227 1
189 46 1
190 461 1
190 215 1
190 355 1
190 484 1
190 107 1
190 14 1
190 512 1
190 390 1
190 370 1
191 100 1
191 348 1
191 247 1
191 353 1
191 92 1
191 222 1
191 210 1
191 356 1
191 283 1
191 347 1
191 232 1
192 411 1
192 167 1
192 197 1
192 117 1
192 0 1
193 302 1
193 256 1
193 328 1
193 232 1
193 239 1
193 146 1
193 331 1
193 175 1
193 37 1
194 385 1
194 73 1
194 499 1
194 225 1
194 516 1
194 384 1
194 289 1
194 318 1
194 192 1
194 372 1
194 371 1
194 432 1
194 251 1
194 463 1
195 279 1
195 357 1
195 302 1
195 299 1
195 156 1
195 79 1
195 297 1
195 24 1
195 88 1
196 275 1
196 472 1
196 444 1
196 65 1
196 61 1
196 29 1
196 105 1
197 59 1
197 466 1
197 263 1
197 289 1
197 424 1
197 176 1
197 286 1
197 325 1
197 149 1
197 380 1
197 193 1
197 387 1
197 73 1
197 323 1
198 95 1
198 47 1
198 188 1
198 288 1
198 290 1
198 329 1
198 211 1
198 54 1
198 36 1
198 57 1
198 249 1
198 117 1
198 273 1
198 364 1
199 479 1
199 481 1
199 343 1
199 471 1
199 421 1
199 467 1
199 303 1
199 94 1
199 45 1
200 198 1
200 444 1
200 302 1
200 137 1
200 229 1
200 160 1
200 194 1
200 25 1
201 137 1
201 497 1
201 413 1
201 465 1
201 260 1
201 103 1
202 496 1
202 269 1
202 261 1
202 10 1
202 67 1
202 298 1
202 194 1
202 511 1
202 287 1
202 448 1
202 374 1
203 362 1
203 52 1
203 174 1
203 256 1
203 396 1
203 184 1
203 312 1
204 219 1
204 54 1
204 241 1
204 452 1
204 382 1
204 284 1
204 98 1
204 64 1
204 58 1
204 120 1
204 438 1
204 262 1
204 280 1
205 154 1
205 43 1
205 134 1
205 343 1
205 269 1
205 330 1
205 29 1
205 317 1
205 243 1
206 481 1
206 138 1
206 254 1
206 355 1
206 332 1
206 155 1
206 23 1
206 141 1
207 269 1
207 467 1
207 308 1
207 182 1
207 444 1
207 50 1
207 380 1
208 24 1
208 361 1
208 513 1
208 2 1
208 220 1
208 380 1
208 134 1
208 214 1
208 336 1
208 415 1
209 296 1
209 313 1
209 25 1
209 398 1
209 275 1
209 395 1
209 129 1
209 369 1
209 160 1
209 34 1
209 80 1
209 230 1
209 108 1
209 445 1
209 241 1
209 407 1
209 338 1
210 362 1
210 370 1
210 49 1
210 418 1
210 26 1
211 81 1
211 372 1
211 102 1
211 424 1
211 209 1
211 269 1
211 448 1
211 329 1
212 128 1
212 96 1
212 277 1
212 218 1
212 478 1
212 289 1
212 325 1
212 394 1
212 461 1
212 27 1
212 319 1
212 464 1
212 434 1
212 329 1
212 388 1
212 36 1
213 327 1
213 277 1
213 183 1
213 208 1
213 95 1
213 121 1
213 141 1
213 409 1
213 328 1
213 467 1
213 256 1
213 49 1
214 140 1
214 22 1
214 279 1
214 367 1
214 185 1
214 361 1
214 454 1
214 203 1
214 239 1
214 109 1
214 307 1
215 164 1
215 209 1
215 434 1
215 260 1
215 6 1
215 43 1
215 222 1
215 474 1
215 452 1
215 369 1
216 7 1
216 317 1
216 123 1
216 19 1
216 45 1
216 35 1
216 36 1
216 452 1
216 404 1
216 386 1
217 93 1
217 100 1
217 330 1
217 57 1
217 132 1
217 307 1
217 67 1
217 122 1
217 6 1
217 279 1
217 490 1
217 275 1
217 335 1
218 104 1
218 485 1
218 383 1
218 254 1
218 30 1
218 113 1
218 345 1
218 243 1
218 68 1
218 22 1
218 78 1
218 412 1
219 224 1
219 499 1
219 230 1
219 424 1
219 476 1
219 180 1
219 177 1
220 157 1
220 266 1
220 103 1
220 411 1
220 64 1
220 432 1
220 1 1
220 388 1
220 189 1
221 241 1
221 369 1
221 270 1
221 27 1
221 400 1
221 291 1
221 120 1
221 260 1
221 146 1
222 347 1
222 307 1
222 181 1
222 507 1
222 59 1
222 417 1
223 441 1
223 215 1
224 361 1
224 232 1
224 55 1
224 72 1
224 110 1
224 165 1
224 471 1
224 77 1
224 70 1
224 142 1
224 504 1
224 514 1
224 176 1
225 302 1
225 211 1
225 424 1
225 54 1
225 449 1
225 276 1
226 419 1
226 519 1
226 401 1
226 133 1
226 36 1
226 272 1
227 291 1
227 16 1
227 24 1
227 177 1
227 235 1
227 429 1
227 124 1
227 321 1
227 323 1
227 193 1
227 503 1
227 316 1
227 168 1
227 336 1
227 461 1
227 188 1
228 418 1
228 417 1
228 421 1
228 371 1
228 487 1
228 203 1
228 295 1
229 364 1
229 353 1
229 207 1
229 178 1
229 239 1
229 472 1
230 169 1
230 296 1
230 175 1
230 210 1
230 180 1
230 427 1
230 381 1
230 173 1
230 206 1
230 221 1
231 68 1
231 142 1
231 358 1
231 482 1
231 417 1
231 376 1
231 401 1
231 192 1
231 515 1
231 412 1
231 203 1
232 345 1
232 86 1
232 192 1
232 106 1
232 314 1
232 321 1
233 284 1
233 290 1
233 132 1
233 415 1
234 46 1
234 25 1
234 320 1
234 367 1
234 370 1
234 319 1
234 303 1
234 64 1
234 84 1
234 402 1
234 196 1
235 2 1
235 414 1
235 94 1
235 239 1
235 455 1
235 38 1
235 348 1
235 229 1
235 127 1
235 273 1
235 46 1
236 314 1
236 272 1
236 56 1
236 72 1
236 65 1
236 251 1
237 199 1
237 516 1
237 384 1
237 190 1
237 477 1
237 504 1
237 27 1
237 259 1
237 60 1
237 350 1
237 488 1
237 71 1
237 458 1
237 273 1
237 467 1
237 267 1
238 411 1
238 169 1
238 438 1
238 231 1
238 407 1
239 138 1
239 172 1
239 179 1
239 87 1
239 444 1
239 75 1
239 352 1
239 380 1
239 27 1
239 359 1
239 72 1
240 4 1
240 387 1
240 465 1
240 473 1
240 471 1
240 326 1
240 336 1
240 304 1
240 321 1
240 408 1
240 246 1
240 216 1
240 1 1
240 419 1
241 493 1
241 275 1
241 490 1
241 349 1
241 277 1
241 11 1
241 42 1
241 15 1
241 227 1
241 243 1
242 350 1
242 507 1
242 75 1
242 402 1
242 334 1
242 342 1
242 374 1
243 427 1
243 3 1
243 70 1
243 56 1
243 38 1
243 315 1
243 52 1
243 269 1
243 319 1
243 84 1
243 356 1
243 94 1
243 485 1
243 246 1
243 156 1
243 191 1
243 313 1
244 382 1
244 109 1
244 321 1
244 276 1
244 479 1
244 214 1
244 353 1
245 37 1
245 320 1
245 112 1
245 296 1
245 433 1
245 72 1
245 475 1
245 365 1
245 250 1
245 171 1
245 132 1
245 87 1
245 1 1
246 266 1
246 436 1
246 507 1
246 288 1
246 159 1
246 404 1
246 462 1
246 459 1
246 109 1
246 228 1
246 496 1
246 425 1
247 376 1
247 501 1
247 509 1
247 268 1
247 378 1
247 395 1
247 59 1
247 79 1
247 307 1
248 221 1
248 50 1
248 89 1
248 473 1
248 119 1
248 456 1
248 370 1
248 485 1
248 102 1
248 427 1
249 430 1
249 361 1
249 206 1
249 517 1
249 233 1
249 308 1
249 134 1
249 85 1
249 251 1
249 434 1
249 463 1
249 497 1
250 361 1
250 484 1
250 258 1
250 350 1
250 141 1
250 199 1
250 1 1
250 55 1
250 400 1
250 104 1
250 63 1
251 125 1
251 253 1
251 190 1
251 116 1
251 474 1
251 295 1
251 46 1
251 41 1
251 318 1
251 395 1
251 286 1
252 413 1
252 68 1
252 162 1
252 276 1
252 31 1
252 27 1
252 507 1
252 76 1
252 493 1
253 475 1
253 244 1
253 39 1
253 514 1
253 481 1
253 116 1
253 462 1
254 130 1
254 175 1
254 169 1
254 185 1
254 514 1
254 471 1
254 198 1
254 290 1
254 262 1
254 320 1
254 117 1
254 182 1
255 505 1
255 171 1
255 185 1
255 256 1
255 454 1
255 57 1
255 320 1
255 513 1
255 433 1
256 369 1
256 318 1
256 512 1
256 429 1
256 205 1
256 347 1
256 135 1
256 450 1
256 412 1
256 29 1
256 179 1
257 17 1
257 274 1
257 44 1
257 343 1
257 353 1
257 297 1
257 351 1
257 279 1
257 286 1
257 255 1
258 190 1
258 437 1
258 152 1
258 76 1
258 8 1
258 284 1
258 482 1
258 223 1
258 200 1
258 295 1
258 460 1
258 339 1
259 113 1
259 215 1
259 274 1
259 314 1
259 470 1
259 255 1
260 482 1
260 364 1
260 377 1
260 398 1
260 262 1
260 407 1
260 128 1
260 100 1
260 73 1
260 478 1
261 179 1
261 106 1
261 74 1
261 486 1
261 341 1
261 235 1
261 166 1
261 300 1
262 230 1
262 144 1
262 475 1
262 426 1
262 414 1
262 54 1
262 441 1
262 487 1
262 464 1
262 427 1
263 190 1
263 383 1
263 225 1
263 193 1
263 301 1
263 421 1
263 259 1
264 15 1
264 399 1
264 157 1
264 151 1
264 23 1
264 380 1
264 62 1
264 451 1
265 181 1
265 489 1
265 228 1
265 242 1
265 30 1
265 491 1
265 317 1
265 80 1
265 359 1
266 445 1
266 294 1
266 353 1
266 343 1
266 201 1
266 92 1
266 460 1
266 418 1
266 217 1
266 312 1
266 412 1
266 280 1
267 67 1
267 355 1
267 30 1
267 393 1
267 443 1
267 220 1
267 44 1
267 88 1
267 481 1
268 134 1
268 244 1
268 154 1
268 504 1
268 7 1
268 139 1
268 42 1
268 340 1
269 170 1
269 465 1
269 66 1
269 389 1
269 271 1
269 305 1
270 510 1
270 513 1
270 409 1
270 181 1
270 150 1
270 449 1
270 30 1
270 134 1
270 385 1
270 135 1
271 511 1
271 377 1
271 448 1
271 303 1
271 194 1
271 318 1
271 438 1
271 222 1
271 401 1
272 106 1
272 496 1
272 253 1
272 493 1
272 249 1
272 280 1
272 186 1
272 81 1
272 295 1
272 221 1
273 384 1
273 406 1
273 324 1
273 345 1
273 357 1
273 435 1
273 241 1
273 23 1
273 228 1
273 70 1
273 481 1
274 154 1
274 121 1
274 419 1
274 89 1
274 229 1
274 144 1
274 228 1
274 385 1
274 432 1
274 46 1
274 314 1
275 362 1
275 294 1
275 128 1
275 216 1
275 369 1
275 70 1
275 404 1
275 394 1
276 494 1
276 18 1
276 429 1
276 442 1
276 0 1
276 42 1
276 477 1
276 34 1
276 456 1
276 137 1
276 80 1
276 196 1
276 109 1
276 128 1
277 484 1
277 474 1
277 365 1
277 371 1
277 149 1
277 455 1
277 401 1
277 403 1
277 133 1
277 86 1
277 447 1
277 368 1
278 374 1
278 150 1
278 234 1
278 133 1
278 308 1
278 311 1
278 198 1
278 52 1
278 509 1
278 255 1
278 86 1
278 5 1
278 266 1
279 428 1
279 247 1
279 65 1
279 56 1
279 24 1
279 285 1
280 169 1
280 458 1
280 336 1
280 322 1
280 444 1
280 104 1
280 339 1
280 1 1
280 74 1
280 18 1
281 35 1
281 472 1
281 490 1
281 128 1
281 133 1
281 444 1
281 236 1
281 104 1
281 256 1
282 384 1
282 516 1
282 43 1
282 411 1
282 291 1
282 150 1
282 28 1
282 511 1
282 482 1
282 311 1
282 233 1
282 88 1
282 419 1
282 271 1
282 225 1
283 408 1
283 5 1
283 59 1
283 217 1
283 166 1
283 154 1
283 327 1
284 488 1
284 443 1
284 451 1
284 376 1
284 388 1
284 316 1
284 382 1
284 57 1
284 516 1
284 440 1
284 240 1
284 495 1
284 435 1
284 41 1
284 298 1
285 353 1
285 269 1
285 475 1
285 149 1
285 155 1
285 253 1
285 113 1
285 40 1
285 497 1
285 403 1
285 138 1
286 39 1
286 187 1
286 148 1
286 160 1
286 454 1
286 365 1
286 223 1
286 222 1
286 61 1
286 379 1
287 138 1
287 36 1
287 48 1
287 42 1
288 159 1
288 475 1
288 188 1
288 336 1
288 332 1
288 242 1
288 195 1
288 370 1
288 482 1
288 515 1
288 290 1
288 37 1
288 43 1
288 177 1
289 278 1
289 394 1
289 58 1
289 263 1
289 63 1
289 130 1
289 155 1
289 305 1
289 202 1
289 191 1
289 159 1
289 391 1
289 462 1
289 492 1
289 479 1
289 257 1
290 390 1
290 93 1
290 126 1
290 32 1
290 471 1
290 485 1
290 418 1
290 293 1
290 392 1
290 67 1
291 1 1
291 341 1
291 411 1
291 132 1
291 354 1
291 397 1
291 515 1
291 106 1
291 462 1
291 445 1
291 296 1
291 83 1
291 141 1
292 352 1
292 66 1
292 380 1
292 228 1
292 226 1
292 442 1
293 279 1
293 355 1
293 472 1
293 65 1
293 466 1
294 308 1
294 129 1
294 307 1
294 488 1
294 170 1
294 176 1
294 337 1
295 190 1
295 105 1
295 497 1
295 223 1
295 426 1
295 248 1
295 456 1
296 16 1
296 137 1
296 230 1
296 220 1
296 80 1
296 421 1
296 56 1
296 62 1
296 427 1
297 143 1
297 454 1
297 356 1
297 307 1
297 3 1
297 442 1
297 353 1
297 310 1
298 471 1
298 405 1
298 454 1
298 32 1
298 144 1
298 149 1
298 145 1
298 206 1
298 503 1
298 371 1
298 449 1
298 491 1
298 284 1
298 98 1
299 92 1
299 469 1
299 34 1
299 165 1
299 214 1
299 518 1
299 145 1
299 149 1
299 188 1
299 99 1
299 406 1
299 309 1
299 485 1
300 480 1
300 426 1
300 392 1
300 6 1
300 435 1
300 269 1
300 272 1
300 168 1
300 495 1
300 352 1
300 414 1
300 389 1
300 489 1
300 73 1
300 260 1
300 411 1
300 353 1
300 170 1
300 254 1
301 106 1
301 2 1
301 203 1
301 381 1
301 435 1
302 363 1
302 5 1
302 233 1
302 272 1
302 139 1
302 69 1
302 103 1
302 245 1
302 162 1
303 3 1
303 392 1
303 105 1
303 408 1
303 294 1
303 196 1
303 311 1
303 416 1
303 223 1
304 339 1
304 507 1
304 236 1
304 17 1
304 397 1
304 287 1
304 36 1
304 416 1
304 240 1
305 91 1
305 86 1
305 245 1
305 96 1
305 450 1
305 340 1
305 342 1
305 3 1
305 233 1
305 399 1
305 109 1
306 294 1
306 87 1
306 223 1
306 501 1
306 112 1
306 203 1
306 267 1
306 16 1
306 127 1
306 239 1
306 156 1
306 475 1
306 406 1
307 93 1
307 399 1
307 351 1
307 484 1
307 158 1
307 450 1
307 319 1
308 484 1
308 356 1
308 200 1
308 227 1
308 41 1
308 162 1
308 492 1
308 75 1
308 113 1
308 26 1
308 46 1
308 138 1
309 433 1
309 195 1
309 105 1
309 175 1
309 360 1
309 297 1
309 31 1
309 495 1
309 25 1
309 10 1
309 136 1
310 350 1
310 424 1
310 264 1
310 260 1
310 351 1
310 506 1
310 451 1
310 374 1
310 394 1
310 488 1
310 347 1
310 252 1
310 271 1
311 485 1
311 239 1
311 261 1
311 303 1
312 157 1
312 322 1
312 110 1
312 344 1
312 206 1
313 124 1
313 394 1
313 372 1
313 476 1
313 57 1
313 378 1
313 128 1
313 224 1
313 149 1
313 326 1
313 362 1
314 433 1
314 136 1
314 150 1
314 388 1
314 397 1
314 447 1
314 244 1
314 71 1
314 389 1
315 100 1
315 74 1
315 76 1
315 508 1
315 107 1
315 458 1
315 393 1
315 68 1
315 408 1
315 108 1
315 421 1
315 519 1
315 93 1
316 268 1
316 185 1
316 22 1
316 149 1
316 344 1
316 184 1
316 480 1
317 431 1
317 64 1
317 17 1
317 228 1
318 293 1
318 501 1
318 220 1
318 212 1
318 493 1
318 278 1
318 221 1
318 172 1
318 405 1
319 130 1
319 423 1
319 116 1
319 407 1
319 259 1
319 27 1
319 393 1
319 441 1
320 52 1
320 302 1
320 496 1
320 334 1
320 242 1
320 329 1
320 134 1
320 273 1
320 416 1
320 85 1
320 130 1
320 137 1
320 427 1
320 303 1
320 141 1
320 378 1
321 200 1
321 38 1
321 192 1
321 345 1
321 3 1
321 160 1
321 384 1
321 289 1
321 182 1
321 232 1
322 494 1
322 265 1
322 252 1
322 125 1
322 339 1
322 471 1
322 370 1
322 119 1
322 132 1
322 91 1
322 391 1
322 414 1
322 142 1
323 272 1
323 218 1
323 414 1
323 355 1
323 164 1
323 437 1
324 226 1
324 271 1
324 451 1
324 81 1
324 362 1
325 23 1
325 248 1
325 375 1
325 104 1
325 442 1
325 316 1
325 254 1
325 114 1
325 137 1
325 15 1
325 126 1
325 449 1
325 159 1
325 80 1
326 152 1
326 236 1
326 78 1
326 516 1
326 276 1
326 17 1
326 402 1
327 159 1
327 309 1
327 167 1
328 430 1
328 462 1
328 115 1
328 264 1
328 28 1
328 435 1
328 471 1
328 270 1
328 204 1
329 46 1
329 404 1
329 335 1
329 233 1
329 55 1
329 42 1
330 124 1
330 132 1
330 352 1
330 82 1
330 66 1
330 265 1
330 165 1
330 412 1
330 22 1
331 242 1
331 130 1
331 241 1
331 173 1
331 150 1
331 285 1
331 470 1
331 256 1
331 261 1
331 418 1
331 175 1
331 37 1
331 75 1
331 436 1
332 81 1
332 488 1
332 70 1
332 487 1
332 356 1
332 208 1
332 360 1
333 174 1
333 321 1
333 463 1
333 83 1
333 220 1
333 37 1
333 235 1
333 319 1
333 122 1
333 127 1
333 169 1
333 360 1
333 111 1
333 210 1
333 270 1
334 439 1
334 286 1
334 342 1
334 60 1
334 378 1
334 89 1
334 143 1
334 511 1
334 465 1
334 509 1
334 416 1
334 339 1
334 410 1
334 150 1
334 11 1
334 272 1
335 211 1
335 205 1
335 273 1
335 87 1
335 51 1
335 114 1
335 467 1
335 485 1
335 79 1
336 89 1
336 500 1
336 307 1
336 453 1
336 398 1
336 210 1
336 439 1
336 214 1
336 390 1
336 358 1
336 19 1
336 319 1
337 368 1
337 120 1
337 268 1
337 367 1
337 372 1
338 354 1
338 31 1
338 493 1
338 62 1
338 192 1
338 251 1
338 164 1
338 466 1
338 126 1
339 431 1
339 462 1
339 377 1
339 64 1
339 287 1
339 514 1
339 500 1
339 304 1
339 201 1
339 471 1
339 140 1
340 425 1
340 234 1
340 374 1
340 343 1
340 293 1
340 459 1
340 355 1
340 145 1
340 36 1
340 437 1
341 67 1
341 11 1
341 509 1
341 235 1
341 437 1
341 165 1
341 185 1
341 313 1
341 10 1
341 366 1
341 457 1
341 133 1
341 194 1
342 377 1
342 431 1
342 471 1
342 115 1
342 358 1
342 205 1
342 75 1
343 498 1
343 76 1
343 489 1
343 256 1
343 191 1
343 437 1
343 373 1
343 131 1
344 253 1
344 248 1
344 475 1
344 51 1
344 56 1
344 276 1
344 168 1
344 482 1
344 166 1
345 27 1
345 212 1
345 175 1
345 329 1
345 378 1
345 471 1
346 362 1
346 258 1
346 506 1
346 254 1
346 255 1
346 336 1
346 402 1
346 278 1
346 64 1
346 407 1
347 18 1
347 86 1
347 374 1
347 307 1
347 365 1
347 474 1
347 190 1
347 221 1
348 463 1
348 326 1
348 198 1
348 291 1
348 377 1
348 247 1
348 455 1
348 181 1
349 170 1
349 423 1
349 93 1
349 260 1
349 396 1
349 48 1
349 448 1
349 264 1
349 407 1
349 43 1
349 185 1
349 143 1
349 431 1
350 325 1
350 100 1
350 373 1
350 201 1
350 260 1
350 326 1
350 336 1
350 168 1
350 489 1
350 110 1
350 304 1
350 157 1
350 455 1
350 504 1
350 399 1
351 82 1
351 335 1
351 307 1
351 306 1
351 458 1
351 47 1
351 512 1
351 475 1
351 102 1
352 415 1
352 288 1
352 210 1
352 476 1
352 438 1
352 6 1
352 102 1
352 343 1
352 424 1
352 264 1
352 16 1
353 113 1
353 39 1
353 90 1
353 404 1
353 149 1
353 392 1
353 370 1
353 309 1
353 110 1
353 89 1
353 273 1
353 148 1
353 117 1
353 329 1
354 425 1
354 56 1
354 243 1
354 29 1
354 434 1
354 153 1
354 90 1
354 359 1
354 66 1
355 38 1
355 83 1
355 472 1
355 3 1
355 485 1
355 492 1
355 157 1
356 254 1
356 244 1
356 343 1
356 105 1
356 274 1
356 52 1
357 387 1
357 509 1
357 18 1
357 366 1
357 307 1
357 445 1
357 342 1
357 116 1
358 507 1
358 16 1
358 37 1
358 312 1
358 258 1
358 350 1
358 194 1
358 517 1
358 15 1
358 32 1
358 287 1
359 439 1
359 194 1
359 31 1
359 298 1
359 434 1
359 432 1
359 33 1
359 224 1
359 229 1
360 369 1
360 99 1
360 216 1
360 178 1
360 398 1
360 250 1
360 501 1
360 280 1
361 367 1
361 476 1
361 369 1
361 149 1
361 278 1
361 511 1
362 298 1
362 284 1
362 84 1
362 327 1
362 453 1
362 148 1
362 358 1
363 222 1
363 489 1
363 164 1
363 148 1
363 72 1
364 444 1
364 8 1
364 83 1
364 357 1
364 265 1
364 241 1
364 236 1
364 282 1
364 40 1
364 202 1
364 427 1
364 347 1
364 311 1
364 106 1
365 308 1
365 285 1
365 282 1
365 510 1
365 168 1
365 159 1
365 483 1
365 269 1
366 9 1
366 301 1
366 352 1
366 476 1
366 4 1
366 293 1
366 447 1
366 390 1
366 362 1
366 434 1
366 210 1
367 69 1
367 156 1
367 465 1
367 279 1
367 49 1
367 120 1
367 331 1
368 226 1
368 441 1
368 383 1
368 476 1
368 426 1
368 72 1
368 22 1
368 465 1
368 134 1
368 511 1
368 419 1
369 34 1
369 33 1
369 111 1
369 165 1
369 307 1
369 184 1
369 173 1
369 197 1
370 106 1
370 302 1
370 175 1
370 354 1
370 471 1
370 81 1
370 272 1
370 260 1
370 473 1
370 256 1
370 377 1
370 220 1
370 179 1
370 147 1
371 335 1
371 366 1
371 387 1
371 505 1
371 395 1
371 482 1
371 337 1
372 245 1
372 103 1
372 284 1
372 468 1
372 121 1
372 132 1
372 364 1
372 349 1
373 445 1
373 371 1
373 132 1
373 393 1
373 312 1
373 183 1
373 151 1
373 442 1
373 404 1
374 260 1
374 418 1
374 238 1
374 278 1
374 121 1
374 91 1
375 487 1
375 512 1
375 267 1
375 473 1
375 284 1
375 518 1
375 227 1
375 181 1
375 294 1
375 179 1
376 246 1
376 457 1
376 88 1
376 446 1
376 326 1
376 72 1
376 258 1
377 161 1
377 229 1
377 498 1
377 282 1
377 497 1
377 245 1
377 90 1
377 423 1
377 354 1
377 41 1
377 46 1
377 135 1
377 112 1
377 171 1
377 172 1
377 20 1
377 81 1
378 189 1
378 82 1
378 197 1
378 252 1
378 388 1
378 120 1
378 167 1
378 89 1
379 199 1
379 120 1
379 451 1
379 53 1
379 492 1
379 105 1
379 285 1
379 456 1
379 390 1
379 277 1
380 383 1
380 64 1
380 138 1
380 496 1
380 228 1
380 199 1
380 381 1
380 379 1
380 298 1
380 209 1
380 489 1
381 310 1
381 509 1
381 174 1
381 27 1
381 398 1
382 76 1
382 124 1
382 279 1
382 472 1
382 452 1
382 519 1
382 354 1
382 468 1
382 67 1
382 251 1
382 201 1
382 28 1
382 34 1
382 83 1
382 137 1
382 182 1
382 117 1
382 381 1
382 330 1
382 253 1
383 348 1
383 3 1
383 223 1
383 337 1
383 27 1
383 85 1
383 198 1
383 218 1
384 12 1
384 225 1
384 193 1
384 104 1
385 29 1
385 1 1
385 122 1
385 210 1
385 28 1
385 298 1
385 460 1
385 470 1
385 474 1
385 53 1
385 130 1
386 312 1
386 215 1
386 211 1
386 214 1
386 452 1
386 335 1
386 302 1
386 247 1
386 179 1
386 484 1
387 196 1
387 445 1
387 108 1
387 177 1
387 224 1
387 380 1
387 42 1
387 151 1
387 280 1
387 193 1
387 370 1
387 311 1
387 97 1
387 352 1
388 494 1
388 97 1
388 99 1
388 485 1
388 332 1
388 42 1
388 17 1
388 261 1
389 203 1
389 30 1
389 28 1
389 368 1
389 470 1
389 40 1
389 260 1
389 210 1
390 411 1
390 488 1
390 345 1
390 284 1
390 9 1
390 355 1
390 448 1
390 227 1
390 403 1
390 256 1
391 343 1
391 74 1
391 504 1
391 400 1
391 485 1
391 498 1
391 500 1
392 436 1
392 114 1
392 478 1
392 44 1
392 320 1
392 186 1
392 309 1
393 73 1
393 108 1
393 42 1
393 515 1
393 64 1
394 293 1
394 188 1
394 170 1
394 19 1
394 231 1
394 112 1
394 147 1
395 101 1
395 246 1
395 133 1
395 321 1
395 472 1
396 504 1
396 428 1
396 400 1
396 176 1
396 509 1
396 446 1
396 518 1
396 189 1
396 63 1
396 3 1
396 246 1
396 374 1
396 256 1
396 460 1
397 5 1
397 190 1
397 368 1
397 198 1
397 114 1
397 484 1
397 133 1
397 446 1
397 238 1
398 286 1
398 516 1
398 86 1
398 518 1
398 371 1
398 503 1
398 390 1
398 51 1
398 313 1
398 259 1
399 470 1
399 24 1
399 232 1
399 213 1
399 289 1
399 126 1
399 147 1
399 142 1
399 335 1
399 143 1
399 34 1
400 37 1
400 33 1
400 13 1
400 395 1
400 508 1
400 343 1
400 57 1
400 207 1
400 251 1
400 458 1
400 81 1
401 202 1
401 450 1
401 31 1
401 441 1
401 336 1
401 219 1
401 321 1
401 134 1
401 193 1
401 353 1
402 250 1
402 477 1
402 445 1
402 501 1
402 289 1
402 358 1
402 390 1
402 504 1
403 238 1
403 87 1
403 105 1
403 314 1
403 45 1
403 362 1
403 517 1
404 3 1
404 178 1
404 148 1
404 351 1
404 10 1
404 422 1
404 441 1
404 433 1
405 100 1
405 215 1
405 444 1
405 154 1
405 315 1
405 334 1
405 430 1
405 252 1
405 454 1
405 106 1
405 342 1
405 499 1
406 404 1
406 231 1
406 488 1
406 331 1
406 427 1
406 243 1
406 274 1
407 306 1
407 34 1
407 80 1
407 433 1
407 438 1
407 376 1
407 204 1
407 403 1
407 386 1
408 507 1
408 43 1
408 337 1
408 55 1
408 50 1
408 323 1
408 225 1
408 400 1
408 231 1
408 424 1
409 205 1
409 469 1
409 460 1
409 239 1
409 25 1
409 58 1
409 319 1
409 197 1
409 412 1
409 170 1
409 11 1
409 115 1
409 366 1
409 147 1
409 364 1
410 126 1
410 169 1
410 320 1
410 426 1
410 375 1
410 477 1
410 112 1
410 21 1
410 440 1
411 231 1
411 199 1
411 244 1
411 406 1
411 228 1
411 134 1
411 110 1
411 435 1
411 81 1
411 152 1
412 352 1
412 365 1
412 460 1
412 88 1
412 153 1
412 19 1
412 189 1
412 498 1
413 194 1
413 512 1
413 99 1
413 285 1
413 247 1
413 394 1
413 27 1
413 379 1
413 462 1
413 3 1
413 167 1
413 187 1
413 33 1
413 252 1
413 363 1
413 158 1
413 382 1
414 455 1
414 6 1
414 340 1
414 228 1
414 395 1
414 370 1
414 484 1
415 13 1
415 371 1
415 424 1
415 11 1
415 125 1
415 358 1
415 220 1
415 270 1
415 35 1
415 234 1
415 298 1
416 318 1
416 349 1
416 513 1
416 225 1
416 241 1
416 294 1
416 55 1
416 143 1
416 22 1
416 112 1
416 205 1
417 102 1
417 128 1
417 477 1
417 354 1
417 313 1
417 31 1
417 299 1
417 201 1
417 464 1
418 70 1
418 100 1
418 235 1
418 217 1
418 374 1
418 447 1
418 11 1
418 463 1
418 404 1
418 275 1
419 223 1
419 297 1
419 90 1
419 336 1
419 491 1
419 202 1
419 215 1
419 487 1
419 420 1
419 476 1
419 396 1
419 365 1
420 517 1
420 277 1
420 470 1
420 28 1
420 231 1
420 175 1
420 433 1
421 295 1
421 407 1
421 129 1
421 465 1
421 4 1
421 125 1
421 79 1
421 201 1
422 438 1
422 351 1
422 81 1
422 1 1
422 161 1
422 293 1
422 113 1
422 5 1
422 267 1
423 49 1
423 40 1
423 277 1
423 171 1
423 245 1
424 152 1
424 499 1
424 85 1
424 290 1
424 408 1
424 361 1
424 342 1
425 235 1
425 116 1
425 266 1
425 238 1
425 488 1
425 495 1
425 397 1
425 311 1
425 259 1
425 144 1
425 83 1
425 152 1
426 400 1
426 392 1
426 158 1
426 166 1
426 26 1
426 40 1
426 303 1
426 487 1
426 377 1
426 20 1
426 99 1
426 24 1
427 150 1
427 393 1
427 421 1
427 424 1
427 155 1
427 440 1
427 329 1
427 165 1
427 277 1
427 454 1
427 402 1
427 346 1
427 442 1
427 438 1
427 455 1
427 404 1
427 26 1
428 218 1
428 159 1
428 307 1
428 464 1
428 12 1
428 386 1
428 111 1
428 170 1
428 248 1
429 113 1
429 292 1
429 2 1
429 322 1
429 217 1
429 347 1
429 78 1
429 289 1
429 477 1
430 104 1
430 126 1
430 453 1
430 144 1
430 460 1
430 38 1
431 201 1
431 502 1
431 386 1
431 344 1
431 370 1
431 457 1
431 439 1
431 44 1
432 478 1
432 301 1
432 414 1
432 235 1
432 422 1
433 405 1
433 490 1
433 371 1
433 389 1
433 105 1
433 408 1
433 470 1
433 509 1
433 202 1
433 415 1
433 80 1
433 365 1
433 369 1
433 400 1
434 238 1
434 376 1
434 346 1
434 36 1
434 106 1
435 319 1
435 35 1
435 472 1
435 57 1
435 251 1
435 386 1
435 119 1
435 281 1
436 399 1
436 119 1
436 274 1
436 127 1
436 291 1
436 82 1
436 361 1
436 446 1
437 493 1
437 310 1
437 119 1
437 407 1
437 308 1
437 99 1
438 362 1
438 81 1
438 510 1
438 288 1
438 299 1
438 31 1
438 194 1
439 87 1
439 17 1
439 145 1
439 210 1
439 511 1
439 433 1
439 220 1
440 191 1
440 171 1
440 332 1
440 223 1
440 94 1
440 219 1
441 417 1
441 401 1
441 251 1
441 481 1
441 273 1
441 72 1
441 194 1
441 88 1
441 179 1
441 271 1
441 120 1
441 394 1
441 43 1
441 210 1
442 181 1
442 265 1
442 352 1
442 482 1
442 377 1
442 239 1
442 144 1
442 129 1
442 61 1
442 435 1
443 470 1
443 353 1
443 189 1
443 519 1
443 130 1
443 62 1
443 190 1
443 477 1
443 451 1
444 36 1
444 423 1
444 35 1
444 417 1
444 91 1
444 494 1
444 104 1
444 19 1
444 83 1
445 48 1
445 404 1
445 87 1
445 400 1
445 325 1
445 77 1
445 288 1
445 204 1
446 202 1
446 256 1
446 24 1
446 504 1
446 149 1
446 353 1
446 140 1
446 363 1
446 372 1
446 157 1
446 109 1
446 327 1
446 104 1
447 17 1
447 323 1
447 168 1
447 80 1
447 498 1
447 1 1
447 146 1
447 360 1
447 104 1
447 509 1
447 204 1
447 246 1
448 396 1
448 338 1
448 242 1
448 260 1
448 317 1
449 215 1
449 310 1
449 336 1
449 206 1
449 448 1
449 372 1
449 14 1
449 137 1
450 343 1
450 350 1
450 60 1
450 486 1
450 402 1
450 238 1
450 379 1
450 188 1
450 82 1
450 438 1
450 250 1
451 259 1
451 241 1
451 512 1
451 303 1
451 376 1
451 462 1
451 281 1
451 285 1
452 12 1
452 219 1
452 61 1
452 417 1
452 134 1
452 459 1
452 137 1
452 489 1
452 78 1
452 70 1
452 128 1
453 373 1
453 271 1
453 404 1
453 27 1
453 225 1
453 131 1
453 296 1
453 137 1
453 308 1
453 59 1
454 383 1
454 416 1
454 201 1
454 380 1
454 315 1
454 17 1
454 232 1
454 0 1
454 177 1
454 327 1
454 35 1
454 435 1
454 73 1
455 313 1
455 430 1
455 271 1
455 300 1
455 30 1
455 340 1
455 310 1
455 409 1
455 123 1
455 82 1
455 48 1
455 341 1
456 13 1
456 276 1
456 160 1
456 211 1
456 409 1
456 473 1
456 305 1
456 259 1
456 367 1
457 375 1
457 210 1
457 327 1
457 316 1
457 262 1
457 19 1
457 470 1
457 93 1
457 454 1
457 92 1
458 196 1
458 492 1
458 288 1
458 413 1
458 337 1
458 394 1
458 177 1
458 278 1
458 12 1
458 423 1
458 475 1
458 362 1
459 187 1
459 119 1
459 312 1
459 115 1
459 1 1
459 320 1
459 11 1
459 490 1
459 465 1
459 194 1
459 60 1
459 277 1
460 34 1
460 501 1
460 33 1
460 147 1
460 3 1
460 294 1
460 67 1
460 368 1
460 224 1
460 434 1
461 317 1
461 77 1
461 482 1
461 323 1
461 513 1
461 81 1
461 320 1
462 182 1
462 306 1
462 281 1
462 323 1
462 515 1
462 441 1
462 391 1
462 375 1
462 499 1
462 29 1
463 230 1
463 420 1
463 477 1
463 348 1
463 331 1
463 131 1
463 311 1
463 207 1
463 516 1
463 437 1
463 181 1
463 123 1
463 361 1
463 51 1
464 356 1
464 314 1
464 242 1
464 397 1
464 383 1
465 219 1
465 263 1
465 331 1
465 511 1
465 114 1
465 490 1
466 476 1
466 255 1
466 322 1
466 493 1
466 470 1
466 489 1
466 352 1
467 403 1
467 141 1
467 162 1
467 28 1
467 247 1
467 398 1
467 111 1
467 446 1
467 452 1
468 430 1
468 354 1
468 474 1
468 372 1
468 426 1
468 483 1
468 460 1
468 498 1
468 192 1
468 501 1
468 49 1
468 12 1
468 481 1
468 222 1
468 243 1
468 127 1
468 327 1
468 408 1
469 433 1
469 123 1
469 130 1
469 39 1
469 480 1
469 227 1
469 53 1
469 77 1
469 329 1
469 158 1
469 71 1
470 492 1
470 182 1
470 466 1
470 413 1
470 436 1
470 104 1
470 66 1
470 252 1
470 417 1
471 455 1
471 338 1
471 2 1
471 219 1
471 150 1
471 13 1
471 495 1
471 186 1
472 407 1
472 238 1
472 145 1
472 153 1
472 103 1
472 14 1
473 476 1
473 333 1
473 445 1
473 467 1
473 437 1
473 287 1
473 420 1
473 20 1
474 393 1
474 131 1
474 486 1
474 296 1
474 207 1
474 75 1
474 480 1
474 467 1
474 96 1
475 139 1
475 436 1
475 299 1
475 290 1
475 401 1
475 463 1
475 88 1
475 95 1
475 81 1
476 496 1
476 142 1
476 214 1
476 176 1
476 238 1
476 307 1
476 53 1
476 198 1
476 79 1
476 73 1
476 428 1
477 366 1
477 312 1
477 497 1
477 471 1
477 58 1
477 265 1
477 436 1
477 251 1
478 494 1
478 246 1
478 30 1
478 418 1
478 107 1
478 178 1
478 150 1
478 242 1
478 398 1
478 189 1
479 255 1
479 195 1
479 272 1
479 173 1
479 204 1
479 318 1
480 387 1
480 66 1
480 331 1
480 312 1
480 112 1
480 264 1
481 137 1
481 516 1
481 492 1
481 290 1
481 263 1
481 432 1
481 402 1
481 417 1
481 425 1
481 245 1
481 106 1
481 88 1
481 288 1
481 1 1
482 108 1
482 374 1
482 235 1
482 333 1
482 306 1
482 391 1
482 152 1
483 289 1
483 251 1
483 7 1
483 304 1
483 172 1
484 138 1
484 265 1
484 290 1
484 316 1
484 438 1
484 128 1
484 468 1
485 106 1
485 512 1
485 91 1
485 186 1
486 37 1
486 98 1
486 478 1
486 202 1
486 450 1
486 515 1
486 332 1
486 272 1
486 106 1
487 150 1
487 32 1
487 146 1
487 389 1
487 435 1
487 366 1
487 300 1
487 296 1
487 262 1
487 337 1
487 58 1
487 33 1
487 434 1
487 93 1
488 91 1
488 403 1
488 67 1
488 449 1
488 410 1
488 107 1
489 111 1
489 3 1
489 214 1
489 495 1
489 281 1
489 361 1
489 436 1
489 287 1
489 402 1
490 77 1
490 72 1
490 461 1
490 99 1
490 512 1
490 355 1
490 155 1
490 274 1
490 328 1
491 143 1
491 450 1
491 513 1
491 132 1
491 35 1
491 179 1
491 419 1
492 285 1
492 47 1
492 300 1
492 328 1
492 480 1
492 470 1
492 493 1
492 140 1
492 421 1
493 508 1
493 451 1
493 13 1
493 64 1
493 294 1
493 324 1
494 302 1
494 319 1
494 167 1
494 394 1
494 60 1
494 234 1
494 490 1
494 423 1
494 371 1
494 177 1
494 441 1
494 372 1
494 135 1
495 413 1
495 20 1
495 81 1
495 21 1
495 120 1
495 322 1
495 187 1
495 94 1
495 36 1
495 387 1
496 487 1
496 513 1
496 309 1
496 460 1
496 5 1
496 108 1
496 277 1
496 136 1
496 124 1
496 71 1
496 92 1
497 364 1
497 425 1
497 472 1
497 511 1
497 151 1
497 235 1
497 510 1
497 397 1
497 475 1
497 291 1
498 424 1
498 32 1
498 129 1
498 144 1
498 454 1
498 410 1
498 444 1
498 29 1
498 168 1
499 345 1
499 236 1
499 257 1
499 254 1
499 196 1
499 460 1
499 416 1
499 322 1
499 52 1
499 29 1
499 96 1
499 477 1
499 34 1
499 360 1
499 442 1
499 402 1
500 176 1
500 373 1
500 440 1
500 110 1
500 263 1
500 51 1
500 50 1
500 338 1
500 251 1
500 112 1
500 45 1
500 85 1
500 234 1
500 150 1
501 201 1
501 96 1
501 21 1
501 176 1
501 218 1
501 321 1
501 149 1
501 171 1
501 250 1
501 116 1
501 87 1
501 371 1
501 90 1
502 123 1
502 488 1
502 110 1
502 6 1
502 82 1
502 57 1
502 68 1
502 397 1
502 61 1
502 226 1
503 453 1
503 208 1
503 253 1
503 244 1
503 491 1
503 65 1
503 224 1
504 314 1
504 108 1
504 162 1
504 280 1
504 185 1
504 473 1
504 331 1
504 514 1
505 473 1
505 367 1
505 72 1
505 43 1
505 467 1
505 284 1
505 240 1
505 370 1
505 127 1
505 200 1
505 301 1
505 71 1
505 387 1
505 434 1
505 391 1
505 415 1
506 375 1
506 347 1
506 121 1
506 396 1
506 72 1
506 240 1
506 369 1
506 502 1
506 365 1
506 492 1
506 10 1
507 416 1
507 300 1
507 374 1
507 351 1
507 124 1
507 117 1
507 517 1
507 463 1
507 386 1
507 464 1
508 362 1
508 224 1
508 87 1
508 71 1
508 96 1
508 429 1
508 90 1
508 388 1
508 5 1
508 514 1
508 16 1
508 468 1
508 145 1
509 50 1
509 156 1
509 474 1
509 465 1
509 382 1
509 174 1
509 46 1
510 344 1
510 474 1
510 12 1
510 131 1
510 479 1
510 24 1
510 208 1
510 370 1
510 451 1
510 403 1
510 401 1
510 129 1
511 517 1
511 440 1
511 65 1
511 461 1
511 3 1
511 149 1
511 375 1
511 330 1
511 19 1
512 42 1
512 206 1
512 145 1
512 488 1
512 318 1
512 193 1
512 394 1
512 98 1
512 111 1
512 6 1
512 368 1
512 266 1
512 26 1
512 429 1
512 444 1
513 416 1
513 478 1
513 448 1
513 82 1
513 516 1
513 472 1
513 46 1
513 331 1
513 5 1
513 71 1
513 497 1
513 95 1
514 137 1
514 433 1
514 431 1
514 19 1
514 108 1
514 357 1
514 501 1
514 347 1
514 282 1
514 477 1
514 251 1
515 97 1
515 7 1
515 214 1
515 378 1
515 369 1
515 311 1
515 341 1
515 101 1
515 335 1
515 470 1
515 461 1
515 517 1
516 478 1
516 227 1
516 495 1
516 418 1
516 251 1
516 485 1
516 357 1
516 165 1
517 459 1
517 166 1
517 240 1
517 342 1
517 498 1
517 420 1
517 382 1
517 510 1
517 149 1
517 73 1
517 55 1
517 136 1
518 5 1
518 407 1
518 93 1
518 294 1
518 398 1
518 313 1
518 437 1
519 288 1
519 206 1
519 245 1
519 338 1
519 382 1
519 237 1
519 136 1
519 229 1
519 106 1
