# Nodes: 130 Edges: 1000
0 79 1
0 87 1
0 20 1
0 62 1
0 124 1
0 102 1
1 55 1
1 96 1
1 54 1
1 122 1
1 75 1
1 115 1
1 61 1
1 108 1
1 0 1
1 100 1
1 97 1
2 3 1
2 6 1
2 97 1
3 84 1
3 124 1
3 127 1
3 114 1
3 120 1
3 35 1
3 22 1
3 12 1
3 96 1
3 39 1
4 5 1
4 77 1
4 15 1
4 120 1
4 78 1
4 36 1
5 117 1
5 53 1
5 109 1
5 108 1
5 11 1
5 49 1
6 106 1
6 68 1
6 5 1
6 29 1
6 15 1
6 93 1
6 11 1
6 71 1
6 109 1
7 61 1
7 80 1
7 17 1
7 120 1
7 129 1
7 4 1
7 86 1
7 12 1
7 82 1
8 41 1
8 122 1
8 3 1
8 77 1
9 104 1
9 55 1
9 22 1
9 63 1
9 36 1
9 83 1
9 77 1
9 75 1
9 48 1
10 48 1
10 31 1
10 116 1
10 64 1
10 57 1
11 66 1
11 43 1
11 77 1
11 121 1
11 79 1
11 13 1
12 29 1
12 41 1
12 90 1
12 23 1
12 83 1
13 109 1
13 53 1
13 27 1
13 63 1
13 9 1
13 117 1
13 58 1
13 64 1
14 86 1
14 129 1
14 114 1
14 43 1
14 116 1
14 93 1
14 17 1
14 75 1
14 95 1
14 122 1
14 68 1
14 61 1
15 49 1
15 54 1
15 6 1
15 63 1
15 23 1
15 94 1
15 121 1
16 59 1
16 58 1
16 91 1
16 102 1
16 32 1
16 7 1
16 99 1
16 68 1
17 66 1
17 20 1
17 43 1
17 4 1
17 69 1
17 74 1
17 98 1
18 42 1
18 43 1
18 26 1
18 64 1
18 28 1
18 77 1
19 3 1
19 41 1
19 121 1
19 31 1
19 123 1
19 104 1
19 16 1
19 17 1
19 87 1
20 63 1
20 21 1
20 113 1
20 83 1
20 71 1
20 122 1
20 126 1
20 13 1
20 96 1
20 98 1
20 89 1
20 106 1
21 80 1
21 78 1
21 126 1
21 85 1
21 51 1
21 5 1
21 33 1
21 81 1
21 94 1
22 83 1
22 61 1
22 23 1
22 110 1
22 117 1
22 53 1
22 45 1
22 94 1
22 44 1
23 54 1
23 117 1
23 109 1
23 21 1
23 120 1
23 129 1
23 76 1
24 96 1
24 56 1
24 121 1
24 69 1
24 102 1
24 53 1
24 45 1
25 123 1
25 11 1
25 127 1
25 36 1
25 62 1
25 19 1
25 20 1
25 93 1
26 64 1
26 56 1
26 17 1
26 13 1
26 14 1
26 82 1
26 79 1
27 14 1
27 24 1
27 101 1
27 115 1
27 3 1
27 104 1
27 77 1
27 119 1
28 42 1
28 60 1
28 69 1
28 88 1
28 103 1
28 54 1
28 67 1
28 89 1
29 60 1
29 94 1
29 68 1
29 70 1
29 49 1
29 30 1
29 58 1
29 45 1
30 33 1
30 92 1
30 57 1
30 126 1
30 9 1
30 65 1
30 84 1
31 101 1
31 102 1
31 47 1
31 34 1
31 94 1
31 39 1
32 115 1
32 77 1
32 26 1
32 9 1
32 27 1
32 6 1
32 35 1
32 18 1
32 79 1
32 24 1
33 74 1
33 18 1
33 96 1
33 50 1
33 57 1
33 42 1
33 45 1
34 45 1
34 129 1
34 50 1
34 109 1
34 76 1
34 72 1
34 114 1
34 52 1
34 66 1
35 16 1
35 69 1
35 23 1
35 40 1
35 14 1
35 22 1
35 37 1
35 127 1
36 20 1
36 72 1
36 125 1
36 103 1
36 1 1
37 64 1
37 73 1
37 106 1
37 80 1
37 75 1
37 99 1
37 57 1
37 35 1
37 48 1
37 114 1
37 60 1
37 123 1
37 52 1
37 29 1
37 103 1
37 89 1
38 115 1
38 34 1
38 112 1
38 35 1
38 104 1
39 31 1
39 76 1
39 3 1
39 10 1
39 70 1
39 91 1
40 107 1
40 46 1
40 60 1
40 62 1
40 58 1
40 125 1
40 100 1
40 95 1
41 15 1
41 70 1
41 127 1
42 3 1
42 33 1
42 123 1
42 13 1
42 129 1
42 46 1
42 36 1
42 64 1
42 113 1
43 107 1
44 7 1
44 54 1
44 110 1
44 32 1
44 120 1
44 84 1
44 80 1
44 70 1
45 52 1
45 26 1
45 116 1
45 60 1
45 67 1
45 76 1
45 62 1
45 16 1
46 81 1
46 128 1
46 70 1
46 114 1
46 119 1
46 0 1
46 80 1
46 77 1
46 84 1
47 104 1
47 79 1
47 13 1
47 4 1
47 86 1
47 72 1
47 62 1
47 80 1
47 22 1
48 73 1
48 42 1
48 13 1
48 110 1
48 61 1
48 27 1
48 82 1
48 62 1
49 9 1
49 114 1
49 54 1
49 126 1
50 29 1
50 75 1
50 24 1
50 30 1
50 12 1
50 6 1
50 73 1
51 92 1
51 67 1
51 84 1
51 66 1
51 2 1
51 14 1
52 20 1
52 32 1
52 33 1
52 87 1
52 5 1
52 118 1
52 15 1
53 32 1
53 66 1
53 127 1
53 72 1
53 110 1
54 68 1
54 74 1
54 32 1
54 47 1
54 128 1
54 99 1
54 33 1
54 122 1
54 76 1
55 110 1
55 84 1
55 100 1
55 91 1
55 89 1
55 43 1
55 51 1
56 60 1
56 5 1
56 125 1
56 43 1
56 63 1
56 99 1
56 54 1
56 120 1
56 34 1
56 2 1
56 22 1
57 49 1
57 101 1
57 45 1
57 119 1
57 39 1
57 65 1
57 13 1
58 115 1
58 12 1
58 69 1
58 38 1
58 73 1
58 62 1
59 48 1
59 113 1
59 101 1
59 29 1
59 21 1
60 12 1
60 119 1
60 27 1
60 113 1
60 68 1
60 80 1
60 53 1
60 11 1
61 75 1
61 13 1
61 4 1
61 23 1
61 84 1
61 102 1
61 22 1
61 89 1
61 69 1
62 17 1
62 87 1
62 68 1
62 5 1
62 52 1
62 99 1
62 84 1
63 36 1
63 10 1
63 118 1
63 14 1
63 81 1
63 85 1
63 32 1
63 71 1
63 46 1
63 113 1
63 126 1
64 119 1
64 84 1
64 61 1
64 125 1
64 120 1
64 97 1
64 53 1
64 81 1
64 124 1
64 122 1
64 123 1
65 56 1
65 79 1
65 116 1
65 104 1
65 90 1
65 119 1
65 32 1
65 100 1
66 19 1
66 7 1
66 30 1
66 80 1
66 115 1
66 69 1
66 124 1
66 33 1
66 97 1
67 79 1
67 71 1
67 30 1
67 32 1
68 125 1
68 122 1
68 102 1
68 103 1
68 32 1
68 114 1
68 22 1
68 48 1
68 64 1
69 84 1
69 80 1
70 2 1
70 95 1
71 17 1
71 44 1
71 47 1
71 127 1
71 40 1
71 36 1
72 48 1
72 15 1
72 71 1
72 89 1
72 63 1
72 76 1
72 22 1
72 38 1
72 101 1
72 114 1
73 21 1
73 59 1
73 82 1
73 63 1
73 74 1
73 81 1
73 114 1
73 100 1
73 57 1
74 73 1
74 95 1
74 63 1
75 92 1
75 105 1
75 116 1
76 111 1
76 85 1
76 45 1
76 115 1
76 72 1
76 32 1
77 124 1
77 80 1
77 7 1
77 2 1
77 96 1
77 106 1
77 126 1
77 93 1
77 46 1
77 73 1
77 120 1
78 71 1
78 6 1
78 12 1
78 60 1
78 109 1
78 108 1
78 7 1
78 51 1
78 120 1
79 87 1
79 38 1
79 112 1
79 121 1
79 51 1
79 18 1
79 127 1
80 37 1
80 89 1
80 59 1
80 31 1
80 42 1
80 82 1
80 61 1
81 89 1
81 92 1
81 96 1
81 128 1
81 37 1
81 66 1
81 107 1
81 50 1
81 8 1
81 115 1
81 16 1
82 7 1
82 55 1
82 0 1
82 28 1
82 56 1
83 9 1
83 118 1
83 2 1
83 84 1
83 100 1
83 71 1
83 1 1
83 102 1
84 16 1
84 19 1
84 75 1
84 8 1
84 41 1
85 26 1
85 127 1
85 87 1
85 117 1
85 62 1
85 81 1
85 51 1
85 39 1
85 78 1
86 32 1
86 15 1
86 101 1
86 18 1
86 9 1
86 26 1
86 110 1
87 90 1
87 122 1
87 31 1
87 96 1
87 128 1
87 89 1
87 125 1
88 52 1
88 15 1
88 63 1
88 117 1
88 8 1
88 5 1
88 108 1
88 34 1
88 30 1
88 55 1
89 9 1
89 19 1
89 95 1
89 44 1
89 43 1
89 104 1
89 124 1
89 79 1
90 84 1
90 86 1
90 70 1
90 119 1
90 62 1
90 37 1
91 38 1
91 54 1
91 55 1
91 129 1
91 106 1
91 61 1
91 86 1
92 112 1
92 114 1
92 0 1
92 55 1
92 86 1
92 14 1
93 129 1
93 35 1
93 126 1
93 111 1
94 0 1
94 99 1
94 1 1
94 122 1
94 123 1
94 92 1
94 84 1
94 33 1
94 24 1
95 61 1
95 99 1
95 110 1
95 29 1
95 77 1
95 103 1
96 110 1
96 90 1
96 56 1
96 61 1
96 9 1
96 82 1
96 33 1
96 21 1
96 89 1
96 25 1
97 92 1
97 14 1
97 119 1
97 81 1
97 42 1
97 38 1
98 25 1
98 26 1
98 125 1
98 81 1
98 123 1
98 9 1
98 12 1
98 7 1
99 18 1
99 29 1
99 46 1
99 89 1
99 56 1
99 80 1
100 12 1
100 24 1
100 23 1
100 33 1
100 126 1
100 31 1
101 22 1
101 50 1
101 42 1
101 109 1
101 102 1
101 121 1
101 52 1
101 107 1
102 15 1
102 58 1
102 21 1
102 39 1
102 61 1
102 56 1
102 104 1
102 13 1
102 87 1
102 116 1
102 25 1
102 86 1
102 92 1
103 11 1
103 122 1
103 72 1
103 101 1
103 123 1
103 8 1
104 83 1
104 35 1
104 72 1
104 14 1
104 39 1
104 13 1
105 84 1
105 36 1
105 66 1
105 69 1
106 1 1
106 77 1
106 90 1
106 114 1
106 63 1
106 113 1
106 121 1
106 56 1
106 14 1
106 30 1
107 18 1
107 12 1
107 69 1
107 58 1
107 126 1
107 89 1
107 73 1
107 19 1
108 42 1
108 111 1
108 12 1
108 88 1
108 54 1
108 94 1
108 60 1
108 124 1
108 87 1
109 111 1
109 80 1
109 16 1
109 104 1
109 44 1
109 55 1
109 27 1
110 76 1
110 111 1
110 85 1
110 15 1
110 66 1
110 124 1
110 26 1
110 31 1
110 98 1
110 47 1
111 114 1
111 83 1
111 73 1
111 65 1
111 60 1
111 94 1
111 125 1
111 86 1
111 57 1
111 40 1
112 25 1
112 81 1
112 23 1
112 22 1
112 124 1
112 118 1
112 91 1
112 129 1
112 72 1
112 114 1
113 75 1
113 42 1
113 10 1
113 11 1
113 40 1
114 11 1
114 56 1
114 33 1
114 55 1
115 119 1
115 0 1
115 35 1
115 112 1
115 107 1
115 69 1
115 125 1
116 123 1
116 44 1
116 33 1
116 114 1
116 63 1
116 34 1
116 13 1
117 114 1
117 46 1
117 79 1
117 22 1
117 99 1
117 51 1
117 110 1
118 107 1
118 77 1
118 80 1
118 65 1
118 16 1
118 114 1
118 33 1
118 112 1
118 96 1
118 62 1
119 116 1
119 3 1
119 127 1
119 49 1
119 56 1
119 31 1
119 58 1
120 71 1
120 29 1
120 6 1
120 23 1
120 79 1
120 104 1
120 88 1
120 68 1
120 100 1
120 106 1
120 54 1
120 69 1
121 28 1
121 24 1
121 113 1
121 88 1
121 126 1
121 60 1
122 115 1
122 97 1
122 53 1
122 23 1
122 45 1
123 0 1
123 41 1
123 48 1
123 111 1
123 94 1
123 56 1
124 0 1
124 11 1
124 69 1
124 27 1
124 75 1
125 9 1
125 110 1
125 118 1
125 95 1
125 62 1
125 12 1
125 93 1
125 23 1
125 35 1
125 20 1
126 70 1
126 67 1
126 122 1
126 1 1
126 44 1
126 34 1
126 52 1
126 15 1
126 26 1
127 58 1
127 44 1
127 73 1
127 36 1
127 30 1
128 55 1
128 125 1
128 75 1
128 57 1
128 120 1
128 85 1
128 15 1
128 98 1
128 66 1
128 49 1
128 99 1
129 64 1
129 124 1
129 82 1
129 26 1
129 102 1
129 100 1
129 80 1
129 47 1
129 77 1
