# Nodes: 260 Edges: 2000
0 179 1
0 80 1
0 36 1
0 70 1
0 174 1
0 31 1
0 86 1
0 206 1
0 223 1
0 195 1
1 35 1
1 205 1
1 83 1
1 231 1
1 98 1
2 31 1
2 194 1
2 55 1
2 95 1
2 214 1
2 80 1
2 93 1
2 178 1
2 122 1
3 62 1
4 52 1
4 216 1
4 61 1
4 217 1
4 0 1
5 100 1
5 33 1
5 234 1
5 81 1
5 123 1
5 208 1
5 130 1
6 240 1
6 114 1
6 258 1
6 93 1
6 100 1
6 146 1
6 98 1
6 218 1
6 179 1
6 77 1
7 191 1
7 235 1
7 243 1
7 4 1
7 241 1
7 124 1
7 136 1
7 187 1
7 154 1
7 222 1
7 160 1
7 26 1
7 204 1
7 183 1
8 121 1
8 175 1
8 96 1
8 35 1
8 83 1
8 244 1
8 117 1
8 239 1
8 53 1
9 29 1
9 165 1
9 20 1
9 257 1
9 32 1
9 18 1
9 137 1
9 22 1
10 122 1
10 194 1
10 35 1
10 211 1
10 248 1
10 169 1
10 22 1
10 100 1
10 11 1
11 53 1
11 206 1
11 132 1
11 185 1
11 73 1
11 170 1
11 19 1
11 85 1
11 153 1
12 224 1
12 55 1
12 222 1
12 121 1
12 146 1
12 24 1
12 65 1
12 118 1
12 14 1
13 222 1
13 28 1
13 71 1
13 137 1
13 93 1
13 175 1
13 0 1
13 238 1
14 204 1
14 148 1
14 199 1
14 230 1
14 255 1
15 43 1
15 21 1
15 231 1
15 95 1
15 6 1
15 235 1
15 186 1
15 66 1
15 199 1
15 196 1
16 226 1
16 150 1
16 193 1
16 57 1
16 132 1
16 73 1
16 173 1
16 49 1
16 218 1
17 30 1
17 194 1
17 29 1
17 124 1
17 185 1
17 73 1
18 25 1
18 169 1
18 4 1
18 47 1
18 248 1
18 0 1
18 59 1
18 38 1
19 91 1
19 93 1
19 252 1
19 158 1
20 207 1
20 148 1
20 38 1
20 230 1
20 241 1
20 253 1
20 196 1
20 134 1
20 240 1
20 227 1
20 62 1
21 39 1
21 76 1
21 71 1
21 66 1
21 9 1
21 133 1
22 242 1
22 156 1
22 52 1
22 92 1
22 190 1
23 68 1
23 173 1
23 112 1
23 98 1
23 160 1
23 70 1
23 259 1
23 213 1
24 197 1
24 239 1
24 95 1
24 66 1
24 68 1
24 139 1
24 47 1
24 81 1
24 6 1
25 144 1
25 58 1
25 253 1
25 141 1
25 145 1
25 108 1
25 114 1
25 97 1
25 55 1
25 166 1
25 86 1
26 60 1
26 134 1
26 96 1
26 71 1
26 196 1
26 205 1
26 47 1
27 66 1
27 253 1
27 144 1
27 196 1
27 140 1
27 18 1
27 174 1
27 171 1
27 175 1
27 62 1
27 11 1
27 173 1
27 176 1
28 150 1
28 204 1
28 187 1
28 27 1
28 247 1
28 245 1
29 31 1
29 243 1
29 40 1
29 183 1
29 22 1
29 165 1
29 259 1
30 141 1
30 140 1
30 78 1
30 80 1
30 37 1
30 216 1
30 121 1
30 32 1
30 230 1
30 7 1
30 214 1
30 145 1
30 248 1
31 254 1
31 229 1
31 168 1
31 76 1
31 46 1
32 91 1
32 143 1
32 137 1
32 162 1
32 58 1
32 97 1
32 109 1
32 96 1
32 129 1
33 195 1
33 103 1
33 42 1
33 177 1
33 217 1
33 114 1
33 202 1
33 63 1
33 3 1
34 228 1
34 138 1
34 222 1
34 135 1
34 4 1
34 241 1
34 115 1
35 217 1
35 76 1
35 145 1
35 111 1
35 162 1
35 183 1
35 142 1
35 218 1
35 228 1
35 140 1
35 96 1
36 155 1
36 114 1
36 85 1
36 104 1
36 196 1
36 44 1
37 90 1
37 129 1
37 160 1
37 220 1
37 26 1
37 19 1
37 38 1
37 229 1
37 41 1
37 239 1
37 2 1
37 245 1
37 126 1
38 18 1
38 46 1
38 156 1
38 24 1
38 225 1
39 235 1
39 192 1
39 107 1
39 54 1
39 233 1
39 189 1
39 85 1
39 201 1
40 176 1
40 22 1
40 36 1
40 231 1
40 29 1
41 25 1
41 213 1
41 144 1
41 246 1
41 126 1
42 193 1
42 232 1
42 229 1
42 245 1
42 249 1
42 149 1
42 237 1
43 247 1
43 65 1
43 217 1
44 85 1
44 20 1
44 209 1
44 212 1
44 146 1
44 144 1
44 4 1
44 193 1
44 107 1
44 147 1
44 31 1
45 162 1
45 42 1
45 243 1
45 205 1
45 258 1
45 191 1
45 38 1
45 198 1
46 77 1
46 8 1
46 9 1
46 144 1
46 44 1
46 215 1
46 243 1
46 183 1
46 81 1
46 163 1
47 3 1
47 138 1
47 50 1
47 32 1
47 141 1
47 36 1
47 245 1
48 194 1
48 30 1
48 71 1
48 205 1
48 169 1
48 31 1
48 1 1
48 23 1
48 256 1
48 239 1
48 59 1
49 230 1
49 28 1
49 80 1
49 169 1
50 116 1
50 141 1
50 80 1
50 197 1
50 239 1
50 27 1
50 235 1
50 170 1
51 249 1
51 83 1
51 242 1
51 72 1
51 12 1
51 135 1
51 174 1
51 170 1
51 2 1
52 115 1
52 210 1
52 28 1
53 23 1
53 131 1
53 86 1
53 231 1
53 259 1
53 46 1
53 111 1
53 230 1
54 221 1
54 29 1
54 157 1
54 102 1
54 200 1
54 112 1
54 204 1
54 146 1
54 17 1
54 197 1
54 236 1
55 16 1
55 3 1
55 179 1
55 257 1
55 251 1
55 239 1
55 184 1
55 168 1
56 256 1
56 46 1
56 165 1
56 213 1
57 101 1
57 222 1
57 122 1
57 256 1
57 143 1
57 65 1
58 195 1
58 111 1
58 22 1
59 112 1
59 62 1
59 148 1
59 197 1
60 58 1
60 150 1
60 231 1
60 179 1
60 134 1
61 51 1
61 122 1
61 184 1
62 188 1
62 196 1
62 241 1
62 93 1
62 80 1
63 84 1
63 243 1
63 188 1
63 27 1
63 89 1
64 230 1
64 138 1
64 183 1
64 205 1
65 144 1
65 83 1
65 98 1
65 120 1
65 245 1
65 147 1
65 198 1
65 187 1
65 108 1
66 52 1
66 186 1
66 42 1
66 243 1
66 125 1
66 7 1
66 57 1
66 90 1
66 40 1
66 5 1
67 16 1
67 152 1
67 112 1
67 99 1
68 226 1
68 232 1
68 96 1
68 22 1
68 230 1
68 57 1
68 61 1
68 166 1
69 127 1
69 108 1
69 35 1
69 164 1
69 36 1
69 52 1
69 116 1
69 158 1
70 12 1
70 216 1
70 177 1
70 259 1
70 125 1
70 52 1
70 211 1
70 97 1
71 94 1
71 117 1
71 206 1
71 240 1
72 165 1
72 86 1
72 212 1
72 231 1
73 239 1
73 232 1
73 198 1
73 115 1
74 185 1
74 9 1
74 127 1
74 187 1
75 120 1
75 134 1
75 151 1
75 247 1
75 258 1
75 0 1
75 233 1
75 238 1
75 27 1
75 57 1
75 214 1
75 199 1
75 177 1
75 143 1
75 4 1
75 132 1
75 5 1
75 104 1
75 17 1
76 52 1
76 27 1
76 143 1
76 110 1
76 167 1
77 103 1
77 204 1
77 121 1
77 162 1
77 219 1
77 107 1
77 80 1
77 215 1
77 146 1
77 57 1
77 54 1
77 192 1
77 158 1
78 243 1
78 86 1
78 37 1
78 152 1
78 71 1
78 210 1
78 138 1
79 215 1
79 197 1
79 48 1
79 75 1
79 67 1
79 18 1
79 184 1
79 162 1
80 233 1
80 75 1
80 135 1
80 119 1
80 126 1
80 97 1
80 162 1
80 121 1
80 147 1
80 36 1
80 132 1
80 133 1
80 52 1
81 208 1
81 48 1
81 7 1
81 184 1
81 143 1
81 26 1
82 153 1
82 120 1
82 126 1
82 39 1
82 150 1
82 147 1
83 185 1
83 246 1
83 9 1
83 146 1
83 222 1
83 220 1
83 59 1
83 215 1
83 20 1
83 155 1
83 197 1
84 11 1
84 103 1
84 157 1
84 65 1
84 2 1
84 249 1
85 58 1
85 164 1
85 47 1
85 94 1
85 178 1
85 92 1
85 221 1
85 151 1
85 212 1
85 166 1
85 63 1
85 167 1
86 115 1
86 17 1
86 224 1
86 163 1
86 74 1
86 64 1
86 151 1
86 21 1
86 192 1
86 75 1
87 211 1
87 88 1
87 35 1
87 188 1
87 122 1
87 14 1
87 242 1
87 114 1
88 113 1
88 167 1
88 198 1
88 219 1
88 81 1
88 142 1
88 116 1
88 209 1
88 14 1
88 53 1
89 69 1
89 142 1
89 92 1
89 249 1
89 195 1
89 170 1
89 202 1
89 50 1
90 256 1
90 49 1
90 136 1
90 118 1
90 231 1
91 180 1
91 143 1
91 131 1
91 39 1
91 51 1
92 80 1
92 187 1
92 52 1
92 191 1
92 73 1
92 39 1
92 54 1
93 116 1
93 69 1
93 13 1
93 89 1
93 228 1
93 148 1
93 115 1
93 146 1
93 213 1
93 90 1
93 183 1
93 156 1
93 65 1
93 142 1
94 258 1
94 47 1
94 120 1
94 114 1
95 197 1
95 127 1
95 116 1
95 148 1
95 128 1
95 19 1
95 121 1
96 54 1
96 202 1
96 128 1
96 26 1
96 91 1
96 71 1
96 62 1
96 183 1
96 123 1
96 14 1
96 70 1
96 158 1
96 112 1
96 213 1
96 162 1
96 7 1
97 16 1
97 214 1
97 31 1
97 110 1
97 258 1
97 134 1
98 234 1
98 78 1
98 204 1
98 43 1
98 197 1
98 96 1
98 186 1
98 123 1
99 131 1
99 149 1
99 88 1
99 252 1
99 151 1
99 48 1
99 20 1
99 246 1
99 87 1
99 59 1
99 61 1
100 7 1
100 67 1
100 37 1
100 14 1
100 186 1
100 227 1
100 120 1
100 254 1
100 48 1
101 204 1
101 205 1
101 45 1
101 78 1
101 107 1
102 61 1
102 230 1
102 57 1
102 125 1
102 100 1
102 82 1
102 241 1
103 130 1
103 195 1
103 83 1
103 13 1
103 162 1
104 118 1
104 226 1
104 150 1
104 194 1
104 8 1
104 63 1
104 169 1
104 17 1
104 199 1
104 20 1
105 163 1
105 92 1
105 111 1
105 160 1
105 98 1
105 184 1
105 99 1
105 4 1
105 142 1
105 234 1
105 127 1
106 232 1
106 67 1
107 120 1
107 22 1
107 237 1
107 184 1
107 133 1
107 210 1
108 6 1
108 174 1
108 210 1
108 133 1
108 122 1
108 84 1
109 14 1
109 169 1
109 140 1
109 116 1
110 239 1
110 212 1
110 6 1
110 105 1
110 45 1
110 79 1
110 178 1
110 68 1
110 101 1
111 194 1
111 134 1
111 257 1
111 144 1
111 170 1
111 208 1
111 177 1
112 23 1
112 56 1
112 40 1
112 52 1
113 77 1
113 103 1
113 26 1
113 163 1
113 181 1
113 205 1
113 92 1
113 154 1
113 95 1
114 137 1
114 45 1
114 187 1
114 181 1
114 133 1
114 129 1
114 247 1
114 67 1
114 11 1
114 18 1
115 163 1
115 117 1
115 235 1
115 42 1
115 104 1
115 45 1
115 161 1
115 133 1
115 22 1
116 120 1
116 122 1
116 185 1
116 198 1
116 165 1
116 247 1
116 236 1
117 111 1
117 96 1
117 175 1
117 255 1
117 47 1
117 250 1
117 167 1
118 102 1
118 154 1
118 122 1
118 57 1
118 158 1
118 218 1
118 100 1
119 37 1
119 188 1
119 70 1
119 144 1
119 111 1
119 22 1
120 229 1
120 132 1
120 29 1
120 207 1
120 104 1
120 1 1
120 213 1
120 146 1
120 209 1
120 178 1
121 123 1
121 126 1
121 154 1
121 187 1
121 125 1
121 15 1
121 150 1
122 128 1
122 8 1
122 62 1
122 135 1
122 78 1
122 250 1
122 150 1
123 1 1
123 169 1
123 124 1
123 209 1
123 95 1
124 107 1
124 120 1
124 186 1
124 239 1
124 177 1
124 211 1
124 191 1
124 136 1
124 176 1
124 167 1
125 256 1
125 136 1
125 30 1
125 213 1
125 227 1
125 5 1
125 64 1
125 105 1
125 83 1
125 39 1
126 188 1
126 240 1
126 10 1
126 166 1
126 34 1
126 168 1
127 107 1
127 34 1
127 79 1
127 73 1
127 113 1
127 246 1
127 240 1
128 38 1
128 121 1
128 229 1
128 1 1
128 27 1
128 204 1
128 102 1
128 245 1
128 220 1
129 238 1
129 207 1
129 66 1
129 140 1
129 229 1
130 205 1
130 50 1
130 176 1
130 222 1
130 174 1
130 22 1
130 59 1
131 98 1
131 109 1
131 45 1
131 236 1
131 234 1
131 8 1
131 203 1
131 138 1
131 13 1
131 33 1
131 95 1
132 257 1
132 158 1
132 21 1
132 232 1
132 44 1
132 216 1
132 84 1
132 15 1
132 169 1
132 163 1
133 221 1
133 82 1
133 8 1
133 200 1
134 226 1
134 113 1
134 90 1
134 11 1
134 73 1
134 186 1
134 243 1
134 141 1
134 160 1
134 217 1
134 143 1
134 151 1
134 238 1
134 89 1
135 76 1
135 98 1
135 131 1
135 219 1
135 130 1
135 120 1
135 204 1
135 240 1
136 80 1
136 111 1
136 251 1
136 85 1
136 239 1
136 215 1
136 25 1
136 7 1
136 48 1
137 195 1
137 42 1
137 198 1
137 89 1
137 240 1
137 177 1
137 161 1
138 141 1
138 7 1
138 60 1
138 15 1
138 102 1
138 170 1
138 19 1
138 127 1
138 71 1
138 244 1
138 27 1
138 149 1
139 91 1
139 164 1
139 71 1
139 234 1
139 223 1
139 166 1
139 128 1
139 9 1
139 246 1
139 80 1
140 67 1
140 31 1
140 61 1
140 241 1
140 188 1
140 165 1
140 83 1
140 232 1
140 192 1
140 193 1
140 199 1
140 182 1
141 37 1
141 68 1
141 209 1
141 190 1
141 10 1
141 217 1
141 172 1
142 121 1
142 155 1
142 162 1
142 92 1
142 208 1
143 8 1
143 87 1
143 128 1
143 134 1
143 21 1
143 161 1
144 147 1
144 227 1
144 214 1
144 192 1
144 85 1
144 232 1
144 249 1
145 236 1
145 215 1
145 172 1
145 244 1
145 136 1
145 157 1
145 10 1
145 228 1
145 79 1
146 245 1
146 68 1
146 107 1
146 23 1
147 163 1
147 29 1
147 248 1
147 160 1
147 43 1
148 153 1
148 138 1
148 68 1
148 155 1
149 215 1
149 123 1
149 164 1
149 51 1
149 221 1
150 50 1
150 161 1
150 61 1
150 73 1
150 66 1
150 49 1
150 115 1
150 129 1
150 218 1
150 252 1
151 73 1
151 208 1
151 210 1
151 48 1
151 127 1
151 211 1
151 135 1
151 25 1
152 237 1
152 142 1
152 210 1
152 70 1
152 81 1
152 179 1
152 32 1
152 123 1
152 200 1
153 69 1
153 64 1
153 162 1
153 173 1
154 75 1
154 78 1
154 27 1
154 36 1
154 74 1
154 33 1
154 192 1
154 150 1
155 120 1
155 26 1
155 7 1
155 109 1
155 80 1
155 195 1
156 251 1
156 246 1
156 195 1
156 89 1
156 200 1
156 139 1
156 23 1
156 188 1
156 55 1
156 249 1
157 133 1
157 213 1
157 41 1
157 5 1
158 37 1
158 27 1
158 76 1
158 177 1
158 208 1
158 87 1
158 243 1
158 11 1
159 87 1
159 9 1
159 149 1
159 49 1
160 241 1
160 205 1
160 143 1
160 33 1
160 221 1
160 61 1
160 132 1
160 83 1
160 22 1
160 24 1
160 107 1
160 131 1
160 210 1
161 30 1
161 189 1
161 39 1
161 156 1
161 256 1
161 123 1
161 226 1
161 51 1
162 16 1
162 120 1
162 116 1
162 226 1
162 144 1
162 59 1
162 8 1
162 176 1
163 253 1
163 140 1
163 112 1
163 247 1
163 91 1
163 43 1
163 259 1
163 53 1
163 113 1
164 258 1
164 237 1
164 236 1
164 169 1
164 19 1
164 155 1
164 36 1
164 113 1
164 145 1
164 15 1
165 182 1
165 88 1
165 112 1
165 185 1
165 172 1
165 15 1
165 24 1
165 28 1
165 173 1
166 224 1
166 156 1
166 118 1
166 233 1
166 133 1
166 197 1
166 106 1
166 181 1
166 165 1
166 34 1
167 192 1
167 80 1
167 13 1
167 87 1
167 229 1
167 34 1
167 220 1
167 72 1
167 215 1
167 100 1
167 207 1
167 12 1
168 198 1
168 175 1
168 204 1
168 194 1
168 201 1
168 69 1
168 240 1
168 232 1
168 134 1
169 209 1
169 252 1
169 112 1
169 101 1
169 36 1
169 4 1
169 12 1
169 20 1
169 84 1
169 210 1
170 167 1
170 187 1
170 152 1
170 114 1
170 51 1
170 161 1
170 148 1
170 215 1
170 199 1
170 90 1
171 181 1
171 40 1
171 226 1
171 241 1
171 124 1
171 189 1
171 36 1
171 216 1
172 29 1
172 217 1
172 204 1
172 92 1
172 180 1
172 9 1
172 53 1
173 24 1
173 232 1
173 195 1
173 215 1
173 62 1
173 223 1
173 98 1
174 51 1
174 152 1
174 255 1
174 2 1
174 176 1
174 212 1
174 170 1
174 192 1
174 0 1
174 83 1
175 91 1
175 229 1
175 242 1
175 245 1
175 87 1
175 259 1
175 2 1
175 56 1
176 29 1
176 141 1
176 220 1
176 139 1
176 4 1
176 97 1
176 225 1
176 128 1
176 90 1
176 117 1
176 124 1
176 13 1
176 48 1
177 190 1
177 56 1
177 62 1
177 58 1
177 144 1
177 181 1
177 39 1
177 88 1
178 218 1
178 130 1
178 104 1
178 2 1
178 204 1
178 80 1
178 16 1
178 182 1
178 78 1
179 194 1
179 32 1
179 257 1
179 127 1
179 74 1
180 248 1
180 15 1
180 30 1
180 96 1
180 123 1
180 253 1
180 172 1
180 45 1
181 241 1
181 240 1
181 79 1
181 147 1
181 247 1
181 117 1
182 3 1
182 205 1
182 210 1
182 93 1
182 152 1
182 191 1
182 102 1
182 173 1
182 32 1
182 195 1
183 249 1
183 54 1
183 256 1
183 85 1
183 121 1
183 78 1
183 83 1
184 126 1
184 246 1
185 132 1
185 42 1
185 233 1
185 41 1
185 85 1
185 12 1
185 232 1
185 7 1
185 113 1
186 98 1
186 44 1
186 43 1
186 177 1
186 41 1
186 18 1
186 71 1
186 206 1
187 63 1
187 88 1
187 53 1
187 91 1
187 182 1
187 153 1
187 58 1
187 219 1
187 1 1
187 227 1
188 32 1
188 144 1
188 212 1
188 4 1
189 155 1
189 26 1
189 210 1
190 208 1
190 32 1
190 180 1
190 142 1
190 99 1
190 58 1
191 154 1
191 190 1
191 13 1
191 20 1
191 193 1
192 244 1
192 21 1
192 167 1
192 32 1
192 54 1
192 228 1
192 102 1
192 241 1
193 17 1
193 102 1
193 143 1
193 179 1
193 78 1
193 103 1
193 190 1
193 73 1
193 147 1
193 28 1
194 214 1
194 252 1
194 173 1
195 101 1
195 72 1
195 185 1
195 82 1
195 205 1
196 111 1
196 194 1
196 67 1
196 214 1
196 45 1
196 165 1
196 220 1
197 34 1
197 62 1
197 203 1
197 208 1
197 5 1
197 88 1
197 256 1
197 158 1
197 196 1
197 110 1
197 252 1
197 227 1
198 254 1
198 229 1
198 207 1
198 195 1
198 57 1
198 4 1
198 50 1
198 7 1
198 21 1
198 25 1
199 131 1
199 60 1
199 21 1
199 30 1
199 31 1
199 35 1
200 157 1
200 250 1
200 41 1
200 94 1
200 99 1
200 77 1
200 140 1
201 12 1
201 21 1
201 198 1
201 173 1
201 133 1
201 217 1
201 187 1
201 109 1
202 182 1
202 49 1
202 236 1
202 88 1
202 44 1
202 209 1
203 34 1
203 146 1
203 140 1
203 0 1
203 156 1
204 100 1
204 6 1
204 151 1
204 37 1
204 76 1
205 115 1
205 40 1
205 108 1
205 201 1
205 83 1
205 166 1
206 61 1
206 193 1
206 24 1
206 20 1
206 68 1
206 213 1
206 45 1
206 29 1
206 226 1
207 114 1
207 83 1
207 45 1
207 185 1
207 61 1
207 87 1
207 67 1
207 64 1
208 75 1
208 13 1
208 60 1
208 76 1
208 98 1
208 79 1
208 219 1
208 2 1
208 132 1
208 12 1
208 55 1
208 69 1
209 182 1
209 68 1
209 249 1
209 61 1
209 37 1
209 133 1
209 38 1
209 184 1
210 231 1
210 95 1
210 174 1
210 109 1
211 64 1
211 15 1
211 21 1
211 240 1
211 71 1
211 97 1
211 6 1
211 189 1
211 103 1
211 127 1
211 154 1
212 72 1
212 201 1
212 162 1
212 112 1
212 137 1
213 139 1
213 249 1
213 53 1
213 111 1
213 58 1
213 2 1
213 146 1
214 142 1
214 192 1
214 256 1
214 195 1
215 138 1
215 77 1
215 173 1
215 42 1
216 9 1
216 34 1
216 231 1
216 123 1
216 78 1
216 14 1
216 7 1
217 179 1
217 214 1
217 234 1
217 135 1
217 121 1
217 164 1
217 257 1
218 76 1
218 17 1
218 75 1
218 38 1
218 36 1
218 28 1
218 132 1
219 36 1
219 112 1
219 108 1
219 132 1
219 84 1
219 15 1
219 129 1
219 60 1
220 34 1
220 20 1
220 163 1
220 225 1
221 57 1
221 151 1
221 111 1
221 93 1
221 50 1
221 32 1
222 245 1
222 193 1
222 229 1
222 254 1
222 55 1
222 25 1
222 233 1
222 65 1
223 46 1
223 24 1
223 178 1
223 74 1
223 48 1
223 82 1
223 45 1
223 112 1
223 233 1
223 59 1
223 163 1
224 24 1
224 231 1
224 141 1
224 160 1
224 227 1
224 137 1
225 205 1
225 86 1
225 157 1
225 147 1
225 66 1
225 96 1
225 75 1
225 194 1
225 113 1
225 219 1
225 257 1
225 92 1
226 203 1
226 68 1
226 217 1
226 227 1
226 87 1
226 6 1
226 33 1
226 45 1
226 170 1
226 152 1
226 190 1
226 1 1
227 253 1
227 235 1
227 208 1
227 192 1
227 198 1
228 91 1
228 229 1
228 96 1
228 75 1
228 173 1
229 104 1
229 48 1
229 170 1
229 18 1
229 179 1
229 180 1
229 25 1
229 81 1
230 28 1
230 31 1
230 37 1
230 38 1
230 56 1
230 242 1
230 253 1
230 81 1
231 78 1
231 216 1
231 39 1
231 232 1
231 138 1
231 203 1
231 17 1
232 0 1
232 183 1
232 249 1
232 162 1
232 68 1
232 251 1
232 129 1
232 161 1
233 21 1
233 116 1
233 56 1
233 73 1
233 125 1
233 165 1
233 166 1
234 87 1
234 168 1
234 142 1
234 244 1
234 50 1
234 215 1
235 97 1
235 84 1
235 157 1
235 142 1
235 138 1
235 2 1
235 74 1
235 37 1
236 166 1
236 163 1
236 43 1
236 199 1
236 149 1
236 62 1
236 146 1
236 176 1
237 255 1
237 220 1
237 154 1
238 173 1
238 170 1
238 228 1
238 137 1
238 160 1
238 115 1
238 127 1
238 79 1
238 44 1
239 50 1
239 41 1
239 102 1
239 155 1
239 30 1
239 242 1
239 27 1
239 40 1
240 163 1
240 110 1
240 9 1
240 38 1
240 255 1
240 14 1
240 259 1
240 166 1
240 23 1
240 207 1
240 182 1
241 4 1
241 197 1
241 76 1
241 195 1
241 178 1
241 129 1
241 180 1
241 227 1
241 220 1
241 8 1
241 236 1
241 126 1
241 78 1
242 23 1
242 251 1
242 69 1
242 110 1
242 202 1
242 86 1
242 193 1
242 60 1
243 33 1
243 77 1
243 23 1
243 46 1
243 93 1
243 53 1
243 168 1
243 19 1
243 51 1
243 231 1
243 110 1
243 83 1
243 148 1
243 108 1
244 243 1
244 242 1
244 18 1
244 221 1
244 20 1
244 240 1
244 38 1
244 95 1
244 254 1
245 150 1
245 233 1
245 7 1
245 174 1
245 199 1
245 175 1
245 148 1
246 131 1
246 211 1
246 118 1
246 192 1
246 170 1
246 213 1
247 205 1
247 93 1
247 86 1
247 146 1
247 81 1
247 96 1
248 59 1
248 258 1
248 103 1
248 129 1
248 41 1
248 181 1
249 166 1
249 255 1
249 67 1
249 169 1
249 152 1
249 104 1
249 114 1
249 234 1
249 193 1
249 197 1
249 257 1
249 214 1
249 69 1
250 205 1
250 9 1
250 240 1
250 196 1
250 38 1
250 167 1
250 194 1
250 51 1
251 168 1
251 122 1
251 257 1
251 135 1
252 238 1
252 244 1
252 176 1
253 206 1
253 226 1
253 102 1
253 228 1
253 148 1
253 149 1
253 198 1
253 248 1
253 154 1
254 107 1
254 249 1
254 110 1
254 26 1
254 55 1
254 140 1
254 205 1
254 243 1
255 242 1
255 127 1
255 198 1
255 171 1
255 113 1
255 230 1
256 131 1
257 116 1
257 73 1
257 89 1
257 83 1
257 114 1
257 254 1
257 191 1
257 196 1
258 42 1
258 144 1
259 214 1
259 111 1
259 5 1
259 147 1
259 257 1
259 3 1
