# Nodes: 130 Edges: 10000
0 26 1
0 18 1
0 129 1
0 30 1
0 45 1
0 95 1
0 128 1
0 102 1
0 81 1
0 29 1
0 17 1
0 56 1
0 73 1
0 85 1
0 31 1
0 20 1
0 67 1
0 121 1
0 101 1
0 62 1
0 100 1
0 78 1
0 35 1
0 46 1
0 84 1
0 36 1
0 14 1
0 39 1
0 99 1
0 59 1
0 109 1
0 33 1
0 112 1
0 21 1
0 37 1
0 48 1
0 123 1
0 119 1
0 9 1
0 74 1
0 103 1
0 114 1
0 61 1
0 28 1
0 41 1
0 127 1
0 54 1
0 122 1
0 105 1
0 116 1
0 7 1
0 64 1
0 42 1
0 55 1
0 16 1
0 40 1
0 111 1
0 98 1
0 108 1
0 2 1
0 13 1
0 87 1
0 86 1
0 75 1
0 88 1
1 124 1
1 121 1
1 72 1
1 125 1
1 107 1
1 96 1
1 69 1
1 82 1
1 78 1
1 31 1
1 119 1
1 104 1
1 101 1
1 128 1
1 56 1
1 29 1
1 61 1
1 53 1
1 63 1
1 79 1
1 35 1
1 120 1
1 44 1
1 45 1
1 122 1
1 93 1
1 111 1
1 62 1
1 92 1
1 16 1
1 64 1
1 28 1
1 36 1
1 17 1
1 30 1
1 58 1
1 8 1
1 34 1
1 76 1
1 65 1
1 103 1
1 6 1
1 106 1
1 123 1
1 26 1
1 5 1
1 71 1
1 54 1
1 21 1
1 110 1
1 75 1
1 97 1
2 106 1
2 28 1
2 3 1
2 83 1
2 108 1
2 120 1
2 46 1
2 24 1
2 20 1
2 63 1
2 12 1
2 125 1
2 72 1
2 103 1
2 56 1
2 102 1
2 111 1
2 27 1
2 57 1
2 68 1
2 82 1
2 37 1
2 109 1
2 105 1
2 17 1
2 74 1
2 75 1
2 69 1
2 66 1
2 116 1
2 23 1
2 126 1
2 22 1
2 91 1
2 128 1
2 49 1
2 42 1
2 79 1
2 35 1
2 87 1
2 0 1
2 38 1
2 129 1
2 107 1
2 1 1
2 50 1
2 26 1
2 21 1
2 122 1
2 29 1
2 117 1
2 121 1
2 80 1
2 76 1
2 88 1
2 7 1
2 4 1
3 40 1
3 49 1
3 124 1
3 69 1
3 59 1
3 65 1
3 81 1
3 74 1
3 117 1
3 43 1
3 55 1
3 88 1
3 12 1
3 102 1
3 28 1
3 30 1
3 6 1
3 96 1
3 101 1
3 62 1
3 13 1
3 41 1
3 67 1
3 125 1
3 1 1
3 26 1
3 4 1
3 64 1
3 122 1
3 129 1
3 66 1
3 128 1
3 17 1
3 113 1
3 100 1
3 47 1
3 119 1
3 14 1
3 105 1
3 126 1
3 98 1
3 5 1
3 52 1
3 44 1
3 77 1
3 106 1
3 48 1
3 32 1
3 80 1
3 63 1
3 107 1
3 108 1
3 90 1
3 118 1
3 89 1
4 86 1
4 47 1
4 45 1
4 87 1
4 124 1
4 56 1
4 18 1
4 62 1
4 101 1
4 52 1
4 89 1
4 105 1
4 121 1
4 17 1
4 98 1
4 26 1
4 39 1
4 72 1
4 54 1
4 74 1
4 103 1
4 123 1
4 93 1
4 75 1
4 55 1
4 46 1
4 76 1
4 15 1
4 20 1
4 84 1
4 60 1
4 11 1
4 34 1
4 128 1
4 14 1
4 27 1
4 16 1
4 41 1
4 33 1
4 117 1
4 58 1
4 28 1
4 102 1
4 42 1
4 78 1
4 40 1
4 122 1
4 59 1
4 37 1
4 9 1
4 24 1
4 44 1
4 1 1
4 57 1
4 2 1
4 30 1
4 100 1
4 31 1
4 113 1
4 36 1
4 7 1
4 32 1
4 50 1
4 69 1
4 25 1
4 92 1
4 61 1
5 75 1
5 96 1
5 15 1
5 105 1
5 119 1
5 88 1
5 121 1
5 124 1
5 26 1
5 125 1
5 120 1
5 102 1
5 70 1
5 38 1
5 104 1
5 115 1
5 42 1
5 77 1
5 46 1
5 40 1
5 116 1
5 94 1
5 22 1
5 69 1
5 74 1
5 53 1
5 16 1
5 126 1
5 6 1
5 25 1
5 8 1
5 21 1
5 45 1
5 86 1
5 0 1
5 91 1
5 64 1
5 81 1
5 118 1
5 78 1
5 71 1
5 55 1
5 122 1
5 67 1
5 54 1
5 84 1
5 50 1
5 93 1
5 13 1
5 76 1
5 110 1
5 3 1
5 52 1
5 68 1
5 4 1
5 17 1
5 14 1
5 101 1
5 87 1
5 36 1
5 11 1
6 92 1
6 25 1
6 86 1
6 72 1
6 54 1
6 70 1
6 73 1
6 109 1
6 16 1
6 30 1
6 48 1
6 63 1
6 35 1
6 33 1
6 38 1
6 81 1
6 106 1
6 90 1
6 111 1
6 40 1
6 23 1
6 31 1
6 20 1
6 53 1
6 7 1
6 8 1
6 55 1
6 67 1
6 123 1
6 122 1
6 34 1
6 41 1
6 85 1
6 100 1
6 57 1
6 11 1
6 12 1
6 118 1
6 89 1
6 129 1
6 36 1
6 78 1
6 52 1
6 77 1
6 64 1
6 116 1
6 113 1
6 69 1
6 87 1
6 126 1
6 80 1
6 60 1
7 85 1
7 113 1
7 48 1
7 35 1
7 38 1
7 118 1
7 89 1
7 98 1
7 71 1
7 66 1
7 45 1
7 47 1
7 108 1
7 111 1
7 3 1
7 20 1
7 14 1
7 86 1
7 51 1
7 78 1
7 16 1
7 124 1
7 90 1
7 1 1
7 17 1
7 114 1
7 33 1
7 36 1
7 60 1
7 83 1
7 12 1
7 37 1
7 129 1
7 55 1
7 41 1
7 46 1
7 110 1
7 65 1
7 84 1
7 31 1
7 125 1
7 80 1
7 120 1
7 109 1
7 15 1
7 6 1
7 127 1
7 30 1
7 75 1
7 34 1
7 103 1
7 64 1
7 94 1
7 63 1
7 44 1
7 59 1
7 77 1
7 56 1
7 76 1
8 116 1
8 125 1
8 79 1
8 15 1
8 106 1
8 114 1
8 36 1
8 13 1
8 86 1
8 58 1
8 115 1
8 1 1
8 44 1
8 32 1
8 113 1
8 30 1
8 111 1
8 49 1
8 52 1
8 47 1
8 128 1
8 29 1
8 6 1
8 76 1
8 27 1
8 81 1
8 19 1
8 88 1
8 91 1
8 122 1
8 34 1
8 5 1
8 70 1
8 100 1
8 65 1
8 127 1
8 21 1
8 107 1
8 53 1
8 14 1
8 33 1
8 120 1
8 2 1
8 4 1
8 121 1
9 79 1
9 65 1
9 88 1
9 42 1
9 33 1
9 83 1
9 93 1
9 121 1
9 6 1
9 105 1
9 19 1
9 117 1
9 74 1
9 128 1
9 12 1
9 48 1
9 101 1
9 103 1
9 24 1
9 122 1
9 29 1
9 58 1
9 66 1
9 78 1
9 91 1
9 95 1
9 23 1
9 49 1
9 55 1
9 51 1
9 37 1
9 25 1
9 28 1
9 2 1
9 61 1
9 85 1
9 63 1
9 87 1
9 81 1
9 107 1
9 17 1
9 3 1
9 47 1
9 114 1
9 96 1
9 11 1
9 127 1
9 64 1
9 53 1
9 129 1
9 111 1
9 98 1
9 35 1
9 31 1
9 109 1
9 57 1
9 32 1
9 41 1
9 90 1
9 84 1
10 95 1
10 104 1
10 39 1
10 49 1
10 88 1
10 93 1
10 15 1
10 40 1
10 47 1
10 21 1
10 114 1
10 128 1
10 126 1
10 36 1
10 69 1
10 53 1
10 66 1
10 27 1
10 46 1
10 35 1
10 62 1
10 94 1
10 29 1
10 116 1
10 119 1
10 86 1
10 80 1
10 11 1
10 106 1
10 41 1
10 129 1
10 18 1
10 56 1
10 17 1
10 60 1
10 16 1
10 34 1
10 58 1
10 122 1
10 61 1
10 121 1
10 24 1
10 23 1
10 102 1
10 117 1
10 70 1
10 113 1
10 50 1
10 59 1
10 51 1
10 68 1
10 57 1
10 32 1
10 115 1
10 76 1
10 22 1
10 109 1
10 112 1
10 65 1
10 33 1
10 43 1
10 14 1
10 97 1
10 54 1
11 96 1
11 8 1
11 119 1
11 80 1
11 7 1
11 29 1
11 81 1
11 105 1
11 6 1
11 62 1
11 122 1
11 93 1
11 110 1
11 87 1
11 75 1
11 128 1
11 68 1
11 49 1
11 117 1
11 114 1
11 95 1
11 57 1
11 45 1
11 9 1
11 21 1
11 58 1
11 125 1
11 82 1
11 17 1
11 14 1
11 27 1
11 38 1
11 60 1
11 127 1
11 26 1
11 44 1
11 19 1
11 33 1
11 74 1
11 98 1
11 92 1
11 111 1
11 97 1
11 109 1
11 101 1
11 50 1
11 76 1
11 100 1
11 79 1
11 30 1
11 24 1
11 90 1
11 18 1
12 69 1
12 39 1
12 0 1
12 44 1
12 88 1
12 112 1
12 19 1
12 64 1
12 95 1
12 28 1
12 76 1
12 45 1
12 2 1
12 85 1
12 56 1
12 50 1
12 104 1
12 14 1
12 81 1
12 83 1
12 108 1
12 16 1
12 78 1
12 5 1
12 110 1
12 32 1
12 37 1
12 116 1
12 68 1
12 46 1
12 124 1
12 41 1
12 105 1
12 118 1
12 1 1
12 71 1
12 4 1
12 123 1
12 107 1
12 54 1
12 53 1
12 111 1
12 84 1
12 26 1
12 74 1
12 70 1
12 87 1
12 13 1
12 23 1
12 15 1
12 127 1
12 59 1
12 30 1
12 35 1
12 48 1
12 73 1
12 57 1
12 27 1
12 24 1
12 122 1
12 89 1
12 18 1
12 119 1
12 120 1
12 114 1
12 113 1
13 95 1
13 34 1
13 48 1
13 6 1
13 108 1
13 129 1
13 116 1
13 72 1
13 44 1
13 21 1
13 75 1
13 68 1
13 50 1
13 11 1
13 2 1
13 57 1
13 122 1
13 9 1
13 43 1
13 115 1
13 17 1
13 74 1
13 125 1
13 85 1
13 59 1
13 47 1
13 1 1
13 80 1
13 128 1
13 45 1
13 89 1
13 60 1
13 18 1
13 12 1
13 49 1
13 120 1
13 99 1
13 123 1
13 55 1
13 90 1
13 28 1
13 62 1
13 36 1
13 78 1
13 26 1
13 29 1
13 46 1
13 92 1
13 104 1
13 97 1
13 30 1
13 77 1
13 27 1
13 22 1
13 66 1
13 51 1
13 87 1
13 25 1
13 8 1
13 52 1
13 31 1
13 5 1
13 20 1
14 32 1
14 111 1
14 12 1
14 122 1
14 61 1
14 41 1
14 48 1
14 76 1
14 93 1
14 16 1
14 126 1
14 53 1
14 128 1
14 55 1
14 100 1
14 78 1
14 50 1
14 74 1
14 91 1
14 3 1
14 10 1
14 9 1
14 13 1
14 97 1
14 114 1
14 87 1
14 58 1
14 0 1
14 79 1
14 119 1
14 95 1
14 107 1
14 20 1
14 108 1
14 6 1
14 30 1
14 24 1
14 71 1
14 73 1
14 15 1
14 7 1
14 129 1
14 118 1
14 46 1
14 68 1
14 62 1
14 110 1
14 116 1
14 29 1
14 34 1
14 57 1
14 23 1
14 49 1
14 64 1
14 84 1
14 127 1
14 11 1
14 101 1
14 72 1
14 96 1
15 85 1
15 75 1
15 60 1
15 110 1
15 2 1
15 59 1
15 5 1
15 70 1
15 65 1
15 97 1
15 101 1
15 45 1
15 96 1
15 95 1
15 50 1
15 51 1
15 43 1
15 35 1
15 71 1
15 44 1
15 86 1
15 107 1
15 49 1
15 81 1
15 127 1
15 87 1
15 89 1
15 99 1
15 9 1
15 32 1
15 42 1
15 31 1
15 46 1
15 125 1
15 74 1
15 27 1
15 114 1
15 106 1
15 6 1
15 69 1
15 121 1
15 72 1
15 115 1
15 39 1
15 82 1
15 77 1
15 0 1
15 23 1
15 41 1
15 88 1
15 33 1
15 113 1
15 40 1
15 16 1
15 100 1
15 11 1
15 63 1
15 122 1
15 105 1
16 40 1
16 90 1
16 122 1
16 126 1
16 79 1
16 77 1
16 17 1
16 57 1
16 88 1
16 26 1
16 45 1
16 50 1
16 64 1
16 113 1
16 42 1
16 59 1
16 13 1
16 110 1
16 10 1
16 116 1
16 58 1
16 76 1
16 127 1
16 96 1
16 105 1
16 120 1
16 72 1
16 32 1
16 39 1
16 28 1
16 0 1
16 69 1
16 101 1
16 60 1
16 63 1
16 34 1
16 128 1
16 106 1
16 112 1
16 15 1
16 43 1
16 80 1
16 98 1
16 55 1
16 52 1
16 75 1
16 54 1
16 67 1
16 97 1
16 109 1
16 91 1
16 118 1
16 85 1
16 83 1
16 51 1
17 105 1
17 27 1
17 72 1
17 122 1
17 82 1
17 18 1
17 78 1
17 51 1
17 16 1
17 97 1
17 26 1
17 13 1
17 60 1
17 91 1
17 95 1
17 65 1
17 88 1
17 115 1
17 36 1
17 24 1
17 112 1
17 14 1
17 31 1
17 10 1
17 12 1
17 128 1
17 83 1
17 129 1
17 67 1
17 70 1
17 40 1
17 89 1
17 125 1
17 100 1
17 90 1
17 92 1
17 111 1
17 81 1
17 43 1
17 8 1
17 99 1
17 63 1
17 48 1
17 44 1
17 71 1
17 46 1
17 62 1
17 37 1
17 56 1
17 28 1
17 85 1
17 4 1
17 54 1
17 61 1
18 35 1
18 64 1
18 47 1
18 124 1
18 12 1
18 54 1
18 99 1
18 4 1
18 49 1
18 67 1
18 127 1
18 103 1
18 114 1
18 101 1
18 128 1
18 81 1
18 53 1
18 55 1
18 58 1
18 102 1
18 0 1
18 9 1
18 1 1
18 71 1
18 91 1
18 20 1
18 37 1
18 79 1
18 15 1
18 43 1
18 89 1
18 108 1
18 83 1
18 93 1
18 10 1
18 14 1
18 129 1
18 121 1
18 88 1
18 85 1
18 46 1
19 27 1
19 53 1
19 118 1
19 87 1
19 4 1
19 106 1
19 45 1
19 119 1
19 3 1
19 112 1
19 42 1
19 15 1
19 73 1
19 82 1
19 49 1
19 104 1
19 92 1
19 103 1
19 123 1
19 77 1
19 38 1
19 97 1
19 115 1
19 23 1
19 105 1
19 69 1
19 107 1
19 55 1
19 93 1
19 120 1
19 76 1
19 91 1
19 31 1
19 12 1
19 101 1
19 98 1
19 63 1
19 66 1
19 67 1
19 78 1
19 1 1
19 70 1
19 56 1
20 86 1
20 8 1
20 53 1
20 10 1
20 29 1
20 117 1
20 68 1
20 3 1
20 107 1
20 91 1
20 83 1
20 119 1
20 24 1
20 42 1
20 43 1
20 70 1
20 71 1
20 27 1
20 16 1
20 124 1
20 66 1
20 12 1
20 25 1
20 97 1
20 57 1
20 116 1
20 21 1
20 74 1
20 32 1
20 77 1
20 54 1
20 60 1
20 84 1
20 76 1
20 19 1
20 100 1
20 81 1
20 109 1
20 85 1
20 5 1
20 17 1
20 120 1
20 110 1
20 38 1
20 14 1
20 101 1
20 52 1
20 75 1
20 41 1
20 4 1
20 93 1
20 40 1
20 11 1
20 23 1
20 61 1
20 62 1
20 126 1
20 39 1
20 87 1
20 26 1
20 105 1
20 46 1
20 128 1
20 113 1
21 46 1
21 77 1
21 49 1
21 87 1
21 22 1
21 44 1
21 99 1
21 81 1
21 23 1
21 84 1
21 107 1
21 17 1
21 117 1
21 67 1
21 93 1
21 75 1
21 37 1
21 128 1
21 59 1
21 125 1
21 55 1
21 108 1
21 41 1
21 64 1
21 92 1
21 40 1
21 52 1
21 9 1
21 119 1
21 68 1
21 74 1
21 62 1
21 83 1
21 106 1
21 113 1
21 43 1
21 89 1
21 35 1
21 29 1
21 19 1
21 33 1
21 114 1
21 111 1
21 104 1
21 51 1
21 38 1
21 69 1
21 26 1
21 129 1
21 78 1
21 47 1
22 9 1
22 75 1
22 20 1
22 17 1
22 12 1
22 120 1
22 1 1
22 80 1
22 94 1
22 55 1
22 69 1
22 78 1
22 82 1
22 54 1
22 103 1
22 8 1
22 60 1
22 115 1
22 39 1
22 125 1
22 90 1
22 29 1
22 21 1
22 119 1
22 44 1
22 76 1
22 106 1
22 77 1
22 117 1
22 113 1
22 15 1
22 52 1
22 24 1
22 61 1
22 97 1
22 27 1
22 33 1
22 40 1
22 4 1
22 18 1
22 83 1
22 112 1
22 32 1
22 2 1
22 102 1
22 91 1
22 46 1
22 118 1
22 48 1
22 123 1
22 63 1
22 11 1
22 45 1
22 73 1
22 7 1
22 16 1
22 127 1
23 25 1
23 4 1
23 118 1
23 77 1
23 85 1
23 21 1
23 52 1
23 66 1
23 18 1
23 30 1
23 107 1
23 27 1
23 125 1
23 99 1
23 111 1
23 65 1
23 87 1
23 108 1
23 62 1
23 3 1
23 75 1
23 31 1
23 44 1
23 9 1
23 102 1
23 50 1
23 70 1
23 20 1
23 127 1
23 129 1
23 64 1
23 58 1
23 94 1
23 37 1
23 67 1
23 81 1
23 46 1
23 26 1
23 40 1
23 71 1
23 56 1
23 48 1
23 92 1
23 7 1
23 112 1
23 116 1
23 103 1
23 119 1
23 105 1
23 19 1
23 123 1
23 49 1
23 6 1
23 2 1
23 128 1
23 74 1
23 117 1
23 59 1
23 61 1
24 81 1
24 115 1
24 21 1
24 1 1
24 101 1
24 6 1
24 45 1
24 72 1
24 28 1
24 77 1
24 30 1
24 128 1
24 108 1
24 93 1
24 17 1
24 75 1
24 95 1
24 90 1
24 50 1
24 127 1
24 70 1
24 32 1
24 18 1
24 86 1
24 82 1
24 38 1
24 89 1
24 29 1
24 43 1
24 104 1
24 84 1
24 11 1
24 61 1
24 79 1
24 27 1
24 63 1
24 13 1
24 100 1
24 20 1
24 94 1
24 51 1
24 16 1
24 114 1
24 62 1
24 103 1
24 123 1
24 113 1
24 116 1
24 76 1
24 129 1
24 99 1
24 66 1
24 125 1
24 67 1
24 25 1
24 119 1
25 30 1
25 34 1
25 0 1
25 32 1
25 45 1
25 28 1
25 55 1
25 77 1
25 15 1
25 84 1
25 89 1
25 107 1
25 22 1
25 4 1
25 85 1
25 23 1
25 46 1
25 79 1
25 26 1
25 93 1
25 95 1
25 127 1
25 27 1
25 16 1
25 69 1
25 128 1
25 49 1
25 14 1
25 109 1
25 80 1
25 71 1
25 92 1
25 90 1
25 67 1
25 60 1
25 13 1
25 104 1
25 126 1
25 125 1
25 62 1
25 64 1
25 78 1
25 9 1
25 48 1
25 102 1
25 88 1
25 53 1
25 115 1
25 82 1
25 2 1
25 96 1
25 73 1
25 72 1
25 35 1
26 82 1
26 113 1
26 111 1
26 33 1
26 80 1
26 126 1
26 11 1
26 102 1
26 54 1
26 71 1
26 18 1
26 40 1
26 64 1
26 16 1
26 105 1
26 58 1
26 116 1
26 79 1
26 87 1
26 122 1
26 62 1
26 0 1
26 99 1
26 48 1
26 119 1
26 65 1
26 28 1
26 1 1
26 120 1
26 75 1
26 121 1
26 23 1
26 7 1
26 25 1
26 61 1
26 19 1
26 124 1
26 43 1
26 38 1
26 6 1
26 8 1
26 69 1
26 114 1
26 21 1
26 118 1
26 36 1
26 2 1
26 51 1
26 47 1
26 83 1
26 100 1
26 60 1
26 110 1
26 78 1
26 13 1
26 53 1
27 81 1
27 25 1
27 59 1
27 124 1
27 110 1
27 89 1
27 53 1
27 51 1
27 121 1
27 105 1
27 33 1
27 11 1
27 29 1
27 117 1
27 96 1
27 113 1
27 65 1
27 77 1
27 62 1
27 52 1
27 47 1
27 58 1
27 78 1
27 64 1
27 97 1
27 0 1
27 129 1
27 15 1
27 84 1
27 48 1
27 21 1
27 70 1
27 88 1
27 56 1
27 46 1
27 54 1
27 18 1
27 109 1
27 111 1
27 30 1
27 8 1
27 107 1
27 40 1
27 3 1
27 28 1
27 86 1
27 66 1
27 79 1
27 39 1
27 67 1
27 80 1
27 35 1
27 91 1
27 12 1
27 72 1
27 93 1
27 87 1
27 57 1
27 127 1
27 104 1
27 119 1
27 42 1
27 106 1
27 90 1
27 118 1
28 47 1
28 53 1
28 60 1
28 44 1
28 55 1
28 11 1
28 35 1
28 96 1
28 102 1
28 23 1
28 121 1
28 80 1
28 128 1
28 56 1
28 110 1
28 15 1
28 34 1
28 45 1
28 29 1
28 19 1
28 82 1
28 58 1
28 85 1
28 93 1
28 26 1
28 33 1
28 90 1
28 61 1
28 22 1
28 14 1
28 54 1
28 83 1
28 124 1
28 108 1
28 10 1
28 120 1
28 94 1
28 30 1
28 1 1
28 105 1
28 39 1
28 98 1
28 9 1
28 122 1
28 57 1
28 65 1
28 114 1
28 116 1
28 52 1
28 21 1
28 7 1
28 88 1
28 84 1
28 126 1
28 63 1
28 91 1
28 76 1
28 20 1
29 87 1
29 126 1
29 83 1
29 62 1
29 116 1
29 81 1
29 44 1
29 67 1
29 60 1
29 56 1
29 1 1
29 59 1
29 118 1
29 28 1
29 24 1
29 58 1
29 9 1
29 77 1
29 64 1
29 48 1
29 127 1
29 42 1
29 43 1
29 124 1
29 128 1
29 86 1
29 8 1
29 123 1
29 89 1
29 31 1
29 36 1
29 23 1
29 50 1
29 14 1
29 3 1
29 112 1
29 70 1
29 119 1
29 111 1
29 15 1
29 20 1
29 54 1
29 129 1
29 16 1
29 100 1
29 99 1
29 35 1
29 69 1
29 109 1
29 34 1
30 8 1
30 23 1
30 70 1
30 96 1
30 128 1
30 54 1
30 28 1
30 56 1
30 126 1
30 129 1
30 93 1
30 65 1
30 116 1
30 105 1
30 66 1
30 120 1
30 40 1
30 6 1
30 104 1
30 71 1
30 24 1
30 49 1
30 101 1
30 85 1
30 94 1
30 99 1
30 82 1
30 61 1
30 57 1
30 83 1
30 51 1
30 4 1
30 72 1
30 91 1
30 37 1
30 68 1
30 43 1
30 95 1
30 125 1
30 74 1
30 108 1
30 90 1
30 27 1
30 41 1
30 117 1
30 109 1
30 92 1
30 25 1
30 114 1
30 2 1
30 113 1
30 98 1
30 112 1
30 44 1
30 13 1
31 16 1
31 30 1
31 12 1
31 32 1
31 6 1
31 18 1
31 54 1
31 44 1
31 97 1
31 125 1
31 99 1
31 90 1
31 126 1
31 115 1
31 122 1
31 108 1
31 51 1
31 19 1
31 47 1
31 96 1
31 114 1
31 4 1
31 34 1
31 20 1
31 89 1
31 27 1
31 102 1
31 119 1
31 113 1
31 84 1
31 87 1
31 81 1
31 111 1
31 58 1
31 88 1
31 83 1
31 41 1
31 2 1
31 26 1
31 92 1
31 62 1
31 98 1
31 42 1
31 110 1
31 67 1
31 76 1
31 25 1
31 128 1
31 61 1
31 17 1
31 33 1
31 50 1
31 104 1
31 118 1
31 1 1
31 77 1
31 11 1
31 38 1
31 101 1
31 70 1
31 15 1
31 49 1
31 0 1
31 22 1
31 107 1
31 112 1
31 60 1
32 71 1
32 78 1
32 108 1
32 38 1
32 73 1
32 5 1
32 76 1
32 67 1
32 121 1
32 105 1
32 7 1
32 94 1
32 106 1
32 33 1
32 2 1
32 24 1
32 56 1
32 95 1
32 115 1
32 57 1
32 58 1
32 93 1
32 19 1
32 107 1
32 4 1
32 22 1
32 75 1
32 127 1
32 123 1
32 41 1
32 59 1
32 3 1
32 46 1
32 53 1
32 79 1
32 103 1
32 20 1
32 9 1
32 100 1
32 34 1
32 27 1
32 128 1
32 26 1
32 119 1
32 64 1
32 111 1
32 18 1
32 52 1
32 77 1
32 72 1
32 37 1
32 40 1
32 86 1
32 42 1
32 43 1
32 66 1
32 29 1
32 117 1
33 79 1
33 107 1
33 7 1
33 37 1
33 13 1
33 129 1
33 65 1
33 120 1
33 31 1
33 17 1
33 105 1
33 123 1
33 116 1
33 83 1
33 22 1
33 19 1
33 51 1
33 59 1
33 91 1
33 12 1
33 36 1
33 5 1
33 8 1
33 74 1
33 124 1
33 127 1
33 46 1
33 94 1
33 80 1
33 121 1
33 2 1
33 113 1
33 93 1
33 54 1
33 87 1
33 101 1
33 67 1
33 1 1
33 66 1
33 56 1
33 106 1
33 24 1
33 21 1
33 40 1
33 9 1
33 16 1
33 6 1
34 126 1
34 68 1
34 105 1
34 71 1
34 93 1
34 63 1
34 50 1
34 111 1
34 123 1
34 32 1
34 20 1
34 114 1
34 29 1
34 65 1
34 98 1
34 6 1
34 36 1
34 28 1
34 102 1
34 115 1
34 119 1
34 39 1
34 96 1
34 86 1
34 2 1
34 19 1
34 61 1
34 21 1
34 12 1
34 41 1
34 103 1
34 99 1
34 101 1
34 79 1
34 66 1
34 22 1
34 31 1
34 110 1
34 117 1
34 88 1
34 27 1
34 4 1
34 84 1
34 35 1
34 33 1
34 97 1
34 87 1
34 112 1
34 129 1
34 69 1
34 10 1
34 15 1
34 104 1
34 128 1
35 96 1
35 20 1
35 66 1
35 119 1
35 82 1
35 10 1
35 81 1
35 48 1
35 79 1
35 5 1
35 67 1
35 6 1
35 98 1
35 94 1
35 89 1
35 55 1
35 43 1
35 75 1
35 100 1
35 51 1
35 69 1
35 102 1
35 65 1
35 87 1
35 9 1
35 99 1
35 44 1
35 4 1
35 97 1
35 73 1
35 83 1
35 77 1
35 59 1
35 117 1
35 125 1
35 36 1
35 78 1
35 46 1
35 0 1
35 71 1
35 105 1
35 2 1
35 17 1
35 80 1
35 123 1
35 28 1
35 112 1
35 15 1
35 53 1
35 39 1
35 54 1
35 27 1
35 93 1
35 11 1
36 107 1
36 84 1
36 122 1
36 60 1
36 39 1
36 33 1
36 74 1
36 104 1
36 16 1
36 11 1
36 46 1
36 54 1
36 90 1
36 50 1
36 79 1
36 51 1
36 88 1
36 68 1
36 87 1
36 69 1
36 86 1
36 58 1
36 127 1
36 40 1
36 45 1
36 118 1
36 76 1
36 100 1
36 20 1
36 112 1
36 25 1
36 113 1
36 0 1
36 89 1
36 98 1
36 63 1
36 120 1
36 53 1
36 57 1
36 123 1
36 91 1
36 125 1
36 78 1
36 29 1
36 95 1
36 93 1
36 8 1
36 85 1
36 77 1
36 109 1
36 102 1
36 73 1
36 101 1
36 103 1
37 80 1
37 101 1
37 75 1
37 67 1
37 40 1
37 50 1
37 91 1
37 43 1
37 51 1
37 113 1
37 24 1
37 54 1
37 3 1
37 36 1
37 35 1
37 94 1
37 8 1
37 76 1
37 83 1
37 31 1
37 4 1
37 2 1
37 111 1
37 22 1
37 124 1
37 20 1
37 11 1
37 129 1
37 77 1
37 55 1
37 118 1
37 92 1
37 32 1
37 74 1
37 105 1
37 49 1
37 0 1
37 45 1
37 89 1
37 85 1
37 44 1
37 95 1
37 23 1
37 117 1
37 12 1
37 16 1
37 128 1
37 1 1
37 93 1
37 110 1
37 88 1
38 99 1
38 45 1
38 69 1
38 5 1
38 54 1
38 29 1
38 12 1
38 11 1
38 49 1
38 70 1
38 126 1
38 15 1
38 80 1
38 53 1
38 90 1
38 50 1
38 115 1
38 36 1
38 40 1
38 79 1
38 76 1
38 117 1
38 21 1
38 129 1
38 25 1
38 128 1
38 20 1
38 94 1
38 34 1
38 108 1
38 92 1
38 119 1
38 26 1
38 77 1
38 100 1
38 125 1
38 17 1
38 33 1
38 66 1
38 78 1
38 46 1
38 57 1
38 114 1
38 111 1
38 116 1
38 32 1
38 122 1
38 103 1
38 51 1
38 123 1
38 96 1
38 1 1
38 7 1
38 62 1
38 89 1
38 102 1
38 13 1
38 113 1
38 107 1
38 124 1
39 51 1
39 102 1
39 90 1
39 1 1
39 50 1
39 5 1
39 94 1
39 21 1
39 70 1
39 53 1
39 31 1
39 46 1
39 126 1
39 22 1
39 14 1
39 125 1
39 7 1
39 91 1
39 65 1
39 44 1
39 25 1
39 128 1
39 36 1
39 97 1
39 63 1
39 92 1
39 38 1
39 72 1
39 61 1
39 28 1
39 104 1
39 40 1
39 111 1
39 78 1
39 66 1
39 57 1
39 13 1
39 59 1
39 2 1
39 20 1
39 123 1
39 118 1
39 41 1
39 35 1
39 11 1
39 105 1
39 108 1
39 45 1
39 85 1
40 80 1
40 55 1
40 106 1
40 124 1
40 6 1
40 30 1
40 65 1
40 97 1
40 126 1
40 62 1
40 57 1
40 34 1
40 3 1
40 107 1
40 24 1
40 48 1
40 43 1
40 110 1
40 36 1
40 14 1
40 125 1
40 44 1
40 58 1
40 114 1
40 108 1
40 103 1
40 61 1
40 52 1
40 5 1
40 16 1
40 82 1
40 26 1
40 113 1
40 69 1
40 47 1
40 109 1
40 95 1
40 123 1
40 127 1
40 105 1
40 75 1
40 120 1
40 60 1
40 100 1
40 128 1
40 45 1
40 79 1
40 104 1
40 101 1
40 122 1
40 19 1
40 86 1
40 117 1
41 83 1
41 106 1
41 24 1
41 110 1
41 66 1
41 57 1
41 27 1
41 129 1
41 10 1
41 22 1
41 80 1
41 11 1
41 125 1
41 118 1
41 46 1
41 54 1
41 102 1
41 123 1
41 108 1
41 114 1
41 117 1
41 58 1
41 59 1
41 34 1
41 124 1
41 20 1
41 51 1
41 21 1
41 121 1
41 91 1
41 25 1
41 38 1
41 14 1
41 52 1
41 116 1
41 68 1
41 19 1
41 6 1
41 36 1
41 30 1
41 120 1
41 0 1
41 101 1
41 128 1
41 119 1
41 9 1
41 17 1
41 74 1
41 48 1
41 43 1
41 99 1
41 15 1
41 56 1
41 75 1
41 92 1
41 64 1
41 4 1
41 2 1
41 104 1
41 53 1
41 44 1
41 67 1
42 85 1
42 10 1
42 22 1
42 86 1
42 91 1
42 120 1
42 6 1
42 111 1
42 1 1
42 81 1
42 79 1
42 84 1
42 26 1
42 66 1
42 59 1
42 99 1
42 97 1
42 4 1
42 126 1
42 46 1
42 112 1
42 20 1
42 102 1
42 38 1
42 88 1
42 29 1
42 70 1
42 40 1
42 41 1
42 117 1
42 36 1
42 45 1
42 44 1
42 48 1
42 83 1
42 123 1
42 122 1
42 53 1
42 128 1
42 13 1
42 0 1
42 68 1
42 27 1
42 31 1
42 82 1
42 115 1
42 12 1
42 98 1
42 52 1
42 3 1
42 92 1
42 47 1
42 33 1
42 7 1
42 62 1
42 43 1
42 55 1
42 114 1
42 58 1
43 45 1
43 113 1
43 11 1
43 75 1
43 62 1
43 1 1
43 22 1
43 72 1
43 24 1
43 79 1
43 49 1
43 17 1
43 125 1
43 73 1
43 13 1
43 56 1
43 87 1
43 53 1
43 39 1
43 105 1
43 54 1
43 96 1
43 101 1
43 59 1
43 124 1
43 30 1
43 109 1
43 102 1
43 107 1
43 129 1
43 6 1
43 19 1
43 7 1
43 127 1
43 68 1
43 37 1
43 112 1
43 52 1
43 106 1
43 119 1
43 12 1
43 8 1
43 95 1
43 97 1
43 65 1
43 118 1
43 44 1
43 103 1
43 66 1
43 69 1
43 38 1
43 93 1
43 47 1
43 122 1
43 50 1
44 117 1
44 21 1
44 34 1
44 80 1
44 43 1
44 102 1
44 32 1
44 116 1
44 91 1
44 3 1
44 110 1
44 128 1
44 36 1
44 15 1
44 30 1
44 109 1
44 107 1
44 83 1
44 118 1
44 38 1
44 57 1
44 84 1
44 47 1
44 126 1
44 23 1
44 69 1
44 56 1
44 127 1
44 53 1
44 45 1
44 14 1
44 94 1
44 41 1
44 17 1
44 39 1
44 66 1
44 89 1
44 104 1
44 86 1
44 73 1
44 90 1
44 49 1
44 46 1
44 55 1
44 97 1
44 4 1
44 76 1
44 115 1
44 59 1
44 95 1
44 63 1
44 71 1
44 33 1
44 7 1
44 68 1
44 74 1
44 19 1
44 106 1
44 48 1
44 75 1
44 87 1
44 82 1
44 16 1
45 6 1
45 79 1
45 76 1
45 29 1
45 128 1
45 117 1
45 66 1
45 43 1
45 80 1
45 7 1
45 46 1
45 82 1
45 116 1
45 70 1
45 97 1
45 93 1
45 127 1
45 109 1
45 55 1
45 89 1
45 129 1
45 87 1
45 38 1
45 83 1
45 49 1
45 123 1
45 88 1
45 106 1
45 8 1
45 56 1
45 41 1
45 4 1
45 59 1
45 40 1
45 12 1
45 35 1
45 27 1
45 44 1
45 102 1
45 110 1
45 15 1
45 100 1
45 51 1
45 58 1
45 118 1
45 57 1
45 1 1
45 68 1
45 112 1
45 64 1
45 14 1
45 37 1
45 60 1
45 2 1
45 10 1
45 108 1
46 116 1
46 6 1
46 63 1
46 81 1
46 7 1
46 61 1
46 93 1
46 102 1
46 128 1
46 85 1
46 42 1
46 110 1
46 94 1
46 10 1
46 112 1
46 65 1
46 4 1
46 17 1
46 82 1
46 92 1
46 103 1
46 53 1
46 68 1
46 95 1
46 45 1
46 57 1
46 119 1
46 48 1
46 19 1
46 74 1
46 28 1
46 67 1
46 71 1
46 52 1
46 111 1
46 125 1
46 118 1
46 30 1
46 55 1
46 72 1
46 27 1
46 12 1
46 78 1
46 77 1
46 59 1
46 87 1
46 114 1
46 121 1
46 84 1
46 100 1
46 122 1
46 89 1
46 43 1
46 37 1
46 26 1
46 13 1
46 62 1
46 3 1
46 70 1
46 8 1
46 60 1
46 24 1
46 97 1
47 111 1
47 15 1
47 26 1
47 67 1
47 22 1
47 96 1
47 64 1
47 77 1
47 97 1
47 98 1
47 28 1
47 78 1
47 11 1
47 33 1
47 89 1
47 61 1
47 2 1
47 95 1
47 86 1
47 92 1
47 81 1
47 10 1
47 83 1
47 72 1
47 38 1
47 19 1
47 4 1
47 124 1
47 100 1
47 12 1
47 55 1
47 51 1
47 20 1
47 79 1
47 54 1
47 45 1
47 31 1
47 113 1
47 82 1
47 117 1
47 65 1
47 6 1
47 105 1
47 1 1
47 16 1
47 73 1
47 129 1
47 74 1
47 120 1
47 66 1
47 102 1
47 29 1
47 115 1
47 34 1
47 76 1
47 35 1
47 70 1
47 57 1
47 114 1
47 75 1
47 56 1
47 88 1
48 84 1
48 119 1
48 98 1
48 10 1
48 117 1
48 107 1
48 128 1
48 61 1
48 90 1
48 24 1
48 69 1
48 86 1
48 11 1
48 95 1
48 28 1
48 19 1
48 68 1
48 16 1
48 1 1
48 97 1
48 15 1
48 112 1
48 121 1
48 59 1
48 21 1
48 82 1
48 81 1
48 55 1
48 42 1
48 12 1
48 57 1
48 44 1
48 79 1
48 27 1
48 36 1
48 105 1
48 47 1
48 8 1
48 104 1
48 83 1
48 78 1
48 26 1
48 111 1
48 39 1
48 74 1
48 99 1
48 115 1
48 38 1
48 88 1
48 5 1
48 33 1
48 35 1
48 73 1
48 89 1
49 120 1
49 54 1
49 1 1
49 126 1
49 24 1
49 76 1
49 35 1
49 101 1
49 72 1
49 95 1
49 102 1
49 30 1
49 7 1
49 81 1
49 11 1
49 27 1
49 71 1
49 52 1
49 19 1
49 5 1
49 115 1
49 70 1
49 33 1
49 22 1
49 129 1
49 9 1
49 80 1
49 111 1
49 43 1
49 47 1
49 79 1
49 67 1
49 25 1
49 117 1
49 29 1
49 128 1
49 99 1
49 62 1
49 114 1
49 13 1
49 16 1
49 34 1
49 50 1
49 69 1
49 14 1
49 59 1
49 6 1
49 38 1
49 32 1
49 124 1
49 2 1
49 23 1
49 77 1
49 91 1
49 109 1
49 84 1
49 103 1
49 45 1
49 64 1
49 26 1
49 86 1
49 122 1
50 104 1
50 73 1
50 7 1
50 116 1
50 46 1
50 42 1
50 119 1
50 37 1
50 89 1
50 55 1
50 36 1
50 4 1
50 100 1
50 63 1
50 117 1
50 24 1
50 98 1
50 84 1
50 118 1
50 2 1
50 109 1
50 112 1
50 27 1
50 99 1
50 32 1
50 83 1
50 68 1
50 90 1
50 58 1
50 33 1
50 0 1
50 97 1
50 114 1
50 43 1
50 62 1
50 71 1
50 13 1
50 60 1
50 87 1
50 102 1
50 29 1
50 124 1
50 56 1
50 16 1
50 129 1
50 64 1
50 107 1
50 65 1
50 6 1
50 78 1
50 39 1
50 9 1
50 110 1
50 34 1
50 57 1
50 28 1
50 70 1
50 69 1
50 76 1
50 86 1
50 96 1
50 19 1
50 111 1
50 75 1
51 44 1
51 111 1
51 41 1
51 122 1
51 100 1
51 76 1
51 121 1
51 126 1
51 46 1
51 54 1
51 24 1
51 59 1
51 90 1
51 129 1
51 63 1
51 30 1
51 80 1
51 57 1
51 61 1
51 21 1
51 47 1
51 105 1
51 95 1
51 75 1
51 27 1
51 52 1
51 37 1
51 92 1
51 5 1
51 32 1
51 62 1
51 68 1
51 23 1
51 43 1
51 56 1
51 77 1
51 116 1
51 31 1
51 20 1
51 13 1
51 17 1
51 109 1
51 103 1
51 112 1
51 108 1
51 12 1
51 79 1
51 87 1
51 118 1
51 91 1
51 81 1
51 107 1
51 25 1
51 55 1
51 67 1
51 72 1
51 117 1
51 53 1
51 45 1
51 34 1
51 35 1
51 22 1
51 110 1
51 97 1
51 94 1
52 119 1
52 29 1
52 55 1
52 39 1
52 91 1
52 99 1
52 74 1
52 96 1
52 79 1
52 77 1
52 126 1
52 129 1
52 51 1
52 62 1
52 40 1
52 104 1
52 78 1
52 11 1
52 30 1
52 16 1
52 31 1
52 120 1
52 68 1
52 94 1
52 115 1
52 9 1
52 81 1
52 128 1
52 38 1
52 86 1
52 42 1
52 53 1
52 18 1
52 47 1
52 48 1
52 0 1
52 1 1
52 88 1
52 46 1
52 106 1
52 112 1
52 56 1
52 124 1
52 28 1
52 59 1
52 71 1
52 57 1
52 87 1
52 98 1
52 110 1
52 10 1
52 8 1
52 118 1
52 89 1
52 64 1
52 70 1
52 36 1
52 6 1
53 5 1
53 55 1
53 97 1
53 73 1
53 10 1
53 99 1
53 33 1
53 35 1
53 127 1
53 28 1
53 108 1
53 109 1
53 98 1
53 89 1
53 113 1
53 39 1
53 126 1
53 71 1
53 67 1
53 18 1
53 83 1
53 26 1
53 47 1
53 90 1
53 60 1
53 74 1
53 101 1
53 14 1
53 80 1
53 50 1
53 12 1
53 29 1
53 48 1
53 102 1
53 117 1
53 51 1
53 27 1
53 24 1
53 115 1
53 62 1
53 94 1
53 88 1
53 59 1
53 78 1
53 120 1
53 3 1
53 81 1
53 114 1
53 93 1
53 82 1
53 7 1
53 25 1
53 87 1
53 11 1
53 66 1
53 2 1
53 116 1
53 57 1
53 15 1
54 68 1
54 112 1
54 80 1
54 108 1
54 24 1
54 84 1
54 4 1
54 67 1
54 58 1
54 93 1
54 16 1
54 29 1
54 9 1
54 101 1
54 83 1
54 85 1
54 48 1
54 50 1
54 8 1
54 23 1
54 55 1
54 110 1
54 51 1
54 92 1
54 37 1
54 59 1
54 47 1
54 43 1
54 125 1
54 57 1
54 124 1
54 30 1
54 109 1
54 78 1
54 61 1
54 100 1
54 121 1
54 79 1
54 27 1
54 52 1
54 46 1
54 0 1
54 122 1
54 64 1
54 126 1
54 72 1
54 123 1
54 13 1
54 127 1
54 44 1
54 21 1
54 26 1
54 102 1
55 69 1
55 78 1
55 82 1
55 53 1
55 111 1
55 59 1
55 1 1
55 85 1
55 73 1
55 45 1
55 23 1
55 27 1
55 60 1
55 86 1
55 113 1
55 7 1
55 115 1
55 119 1
55 108 1
55 70 1
55 66 1
55 5 1
55 84 1
55 117 1
55 38 1
55 4 1
55 107 1
55 74 1
55 110 1
55 88 1
55 50 1
55 124 1
55 98 1
55 37 1
55 25 1
55 116 1
55 77 1
55 29 1
55 83 1
55 94 1
55 114 1
55 80 1
55 103 1
55 13 1
55 17 1
55 8 1
55 96 1
55 65 1
55 12 1
55 57 1
55 58 1
55 16 1
56 61 1
56 35 1
56 85 1
56 27 1
56 47 1
56 36 1
56 65 1
56 95 1
56 19 1
56 105 1
56 91 1
56 48 1
56 118 1
56 128 1
56 49 1
56 55 1
56 60 1
56 0 1
56 126 1
56 29 1
56 96 1
56 39 1
56 67 1
56 72 1
56 62 1
56 115 1
56 114 1
56 107 1
56 9 1
56 119 1
56 33 1
56 92 1
56 37 1
56 38 1
56 97 1
56 94 1
56 100 1
56 23 1
56 41 1
56 15 1
56 26 1
56 102 1
56 14 1
56 106 1
56 125 1
56 74 1
56 116 1
56 59 1
57 112 1
57 0 1
57 63 1
57 117 1
57 93 1
57 83 1
57 87 1
57 37 1
57 42 1
57 107 1
57 12 1
57 1 1
57 35 1
57 21 1
57 78 1
57 109 1
57 65 1
57 59 1
57 39 1
57 80 1
57 89 1
57 122 1
57 103 1
57 56 1
57 95 1
57 18 1
57 66 1
57 60 1
57 44 1
57 38 1
57 106 1
57 108 1
57 92 1
57 123 1
57 75 1
57 102 1
57 129 1
57 53 1
57 54 1
57 124 1
57 79 1
57 40 1
57 125 1
57 96 1
57 91 1
57 72 1
57 121 1
57 14 1
57 15 1
57 99 1
57 3 1
57 119 1
57 30 1
57 34 1
57 23 1
57 22 1
57 5 1
57 77 1
57 10 1
57 114 1
57 26 1
57 71 1
57 49 1
57 45 1
57 97 1
58 113 1
58 120 1
58 86 1
58 83 1
58 121 1
58 71 1
58 50 1
58 40 1
58 0 1
58 22 1
58 96 1
58 44 1
58 72 1
58 53 1
58 99 1
58 51 1
58 93 1
58 85 1
58 98 1
58 80 1
58 95 1
58 119 1
58 125 1
58 24 1
58 41 1
58 74 1
58 26 1
58 94 1
58 124 1
58 29 1
58 111 1
58 37 1
58 36 1
58 11 1
58 126 1
58 82 1
58 105 1
58 5 1
58 97 1
58 87 1
58 63 1
58 28 1
58 62 1
58 27 1
58 101 1
58 55 1
58 128 1
58 65 1
58 114 1
58 59 1
58 43 1
58 110 1
58 108 1
58 7 1
59 44 1
59 91 1
59 116 1
59 115 1
59 34 1
59 89 1
59 63 1
59 66 1
59 49 1
59 5 1
59 98 1
59 32 1
59 38 1
59 72 1
59 101 1
59 20 1
59 39 1
59 51 1
59 123 1
59 68 1
59 37 1
59 124 1
59 127 1
59 69 1
59 93 1
59 23 1
59 46 1
59 107 1
59 15 1
59 33 1
59 56 1
59 1 1
59 86 1
59 90 1
59 82 1
59 73 1
59 109 1
59 100 1
59 52 1
59 103 1
59 106 1
59 53 1
59 22 1
59 17 1
59 84 1
59 58 1
59 111 1
59 67 1
59 9 1
59 45 1
59 50 1
59 88 1
59 41 1
60 33 1
60 77 1
60 99 1
60 17 1
60 102 1
60 21 1
60 64 1
60 116 1
60 89 1
60 30 1
60 82 1
60 11 1
60 73 1
60 41 1
60 12 1
60 28 1
60 56 1
60 121 1
60 72 1
60 120 1
60 22 1
60 85 1
60 100 1
60 86 1
60 13 1
60 103 1
60 2 1
60 118 1
60 31 1
60 67 1
60 75 1
60 97 1
60 70 1
60 16 1
60 88 1
60 45 1
60 20 1
60 110 1
60 0 1
60 61 1
60 109 1
60 54 1
60 62 1
60 69 1
60 24 1
60 7 1
60 96 1
60 123 1
60 46 1
60 124 1
60 47 1
60 53 1
60 74 1
60 128 1
60 49 1
60 26 1
60 25 1
60 9 1
61 70 1
61 46 1
61 82 1
61 103 1
61 3 1
61 37 1
61 16 1
61 41 1
61 44 1
61 69 1
61 2 1
61 23 1
61 121 1
61 96 1
61 107 1
61 8 1
61 102 1
61 0 1
61 88 1
61 78 1
61 87 1
61 21 1
61 97 1
61 43 1
61 54 1
61 26 1
61 92 1
61 33 1
61 128 1
61 117 1
61 7 1
61 49 1
61 65 1
61 83 1
61 110 1
61 122 1
61 1 1
61 119 1
61 90 1
61 62 1
61 72 1
61 50 1
61 19 1
61 126 1
61 86 1
61 104 1
61 91 1
61 51 1
61 98 1
61 11 1
61 106 1
61 113 1
61 12 1
61 20 1
61 42 1
61 36 1
61 47 1
61 99 1
61 59 1
61 28 1
61 17 1
62 45 1
62 71 1
62 68 1
62 78 1
62 15 1
62 46 1
62 0 1
62 101 1
62 109 1
62 127 1
62 111 1
62 70 1
62 22 1
62 93 1
62 124 1
62 122 1
62 106 1
62 38 1
62 20 1
62 47 1
62 118 1
62 2 1
62 32 1
62 89 1
62 103 1
62 24 1
62 14 1
62 123 1
62 21 1
62 42 1
62 129 1
62 92 1
62 48 1
62 117 1
62 80 1
62 105 1
62 12 1
62 99 1
62 54 1
62 7 1
62 104 1
62 77 1
62 52 1
62 61 1
62 74 1
62 31 1
62 84 1
62 95 1
62 28 1
62 85 1
63 90 1
63 89 1
63 72 1
63 98 1
63 82 1
63 128 1
63 49 1
63 4 1
63 116 1
63 59 1
63 30 1
63 38 1
63 97 1
63 95 1
63 75 1
63 34 1
63 53 1
63 64 1
63 58 1
63 70 1
63 13 1
63 29 1
63 52 1
63 79 1
63 0 1
63 39 1
63 78 1
63 111 1
63 56 1
63 24 1
63 74 1
63 87 1
63 65 1
63 17 1
63 55 1
63 115 1
63 15 1
63 121 1
63 85 1
63 109 1
63 23 1
63 43 1
63 20 1
63 6 1
63 112 1
63 8 1
63 91 1
63 28 1
63 5 1
63 76 1
63 120 1
63 108 1
63 129 1
64 122 1
64 24 1
64 94 1
64 105 1
64 14 1
64 126 1
64 1 1
64 80 1
64 50 1
64 85 1
64 49 1
64 81 1
64 28 1
64 115 1
64 37 1
64 62 1
64 68 1
64 93 1
64 27 1
64 47 1
64 3 1
64 97 1
64 48 1
64 87 1
64 99 1
64 46 1
64 34 1
64 44 1
64 7 1
64 11 1
64 109 1
64 5 1
64 56 1
64 58 1
64 90 1
64 98 1
64 10 1
64 0 1
64 25 1
64 117 1
64 120 1
64 39 1
64 61 1
64 86 1
64 59 1
64 42 1
64 89 1
64 118 1
64 53 1
64 40 1
64 26 1
64 69 1
64 107 1
64 78 1
64 113 1
64 30 1
64 101 1
65 61 1
65 93 1
65 21 1
65 110 1
65 97 1
65 27 1
65 40 1
65 36 1
65 19 1
65 118 1
65 2 1
65 87 1
65 49 1
65 92 1
65 6 1
65 117 1
65 124 1
65 9 1
65 33 1
65 103 1
65 31 1
65 3 1
65 38 1
65 29 1
65 42 1
65 99 1
65 53 1
65 52 1
65 68 1
65 114 1
65 104 1
65 13 1
65 112 1
65 16 1
65 51 1
65 10 1
65 37 1
65 81 1
65 41 1
65 12 1
65 111 1
65 120 1
65 126 1
65 11 1
65 25 1
65 28 1
65 67 1
65 47 1
65 116 1
65 83 1
65 74 1
65 109 1
65 90 1
65 50 1
65 121 1
65 72 1
65 48 1
65 107 1
65 105 1
65 43 1
65 54 1
65 95 1
66 111 1
66 77 1
66 35 1
66 94 1
66 121 1
66 80 1
66 45 1
66 82 1
66 89 1
66 62 1
66 116 1
66 72 1
66 70 1
66 54 1
66 21 1
66 10 1
66 127 1
66 129 1
66 4 1
66 1 1
66 103 1
66 37 1
66 128 1
66 26 1
66 113 1
66 60 1
66 61 1
66 16 1
66 86 1
66 15 1
66 50 1
66 109 1
66 57 1
66 126 1
66 19 1
66 64 1
66 83 1
66 7 1
66 46 1
66 2 1
66 73 1
66 32 1
66 63 1
66 104 1
66 68 1
66 52 1
66 65 1
66 67 1
66 29 1
66 95 1
66 115 1
66 81 1
66 0 1
66 106 1
66 48 1
66 25 1
66 122 1
66 124 1
66 91 1
66 123 1
66 76 1
66 56 1
66 107 1
66 23 1
66 71 1
66 90 1
66 49 1
66 85 1
66 101 1
67 39 1
67 27 1
67 63 1
67 13 1
67 45 1
67 122 1
67 73 1
67 34 1
67 114 1
67 35 1
67 112 1
67 104 1
67 57 1
67 126 1
67 41 1
67 118 1
67 14 1
67 77 1
67 97 1
67 86 1
67 129 1
67 20 1
67 98 1
67 31 1
67 78 1
67 93 1
67 15 1
67 19 1
67 3 1
67 70 1
67 99 1
67 87 1
67 25 1
67 43 1
67 107 1
67 123 1
67 49 1
67 37 1
67 68 1
67 53 1
67 82 1
67 29 1
67 72 1
67 21 1
67 47 1
67 2 1
67 120 1
67 7 1
67 33 1
67 74 1
67 103 1
67 8 1
67 102 1
67 5 1
67 48 1
67 91 1
67 23 1
67 11 1
67 106 1
67 64 1
67 9 1
67 62 1
67 18 1
67 101 1
67 71 1
67 36 1
67 125 1
68 61 1
68 108 1
68 122 1
68 69 1
68 7 1
68 115 1
68 34 1
68 106 1
68 20 1
68 86 1
68 73 1
68 59 1
68 85 1
68 121 1
68 119 1
68 67 1
68 36 1
68 30 1
68 47 1
68 100 1
68 35 1
68 64 1
68 52 1
68 10 1
68 15 1
68 63 1
68 109 1
68 22 1
68 0 1
68 82 1
68 128 1
68 114 1
68 116 1
68 14 1
68 112 1
68 44 1
68 110 1
68 89 1
68 91 1
68 93 1
68 103 1
68 29 1
68 79 1
68 84 1
68 39 1
68 23 1
68 31 1
68 57 1
68 28 1
68 105 1
68 80 1
68 97 1
68 75 1
68 118 1
69 118 1
69 54 1
69 46 1
69 99 1
69 94 1
69 19 1
69 20 1
69 117 1
69 120 1
69 121 1
69 59 1
69 31 1
69 107 1
69 32 1
69 95 1
69 29 1
69 5 1
69 67 1
69 97 1
69 23 1
69 109 1
69 43 1
69 26 1
69 122 1
69 9 1
69 89 1
69 66 1
69 113 1
69 30 1
69 73 1
69 53 1
69 128 1
69 90 1
69 71 1
69 8 1
69 126 1
69 102 1
69 63 1
69 14 1
69 98 1
69 87 1
69 0 1
69 101 1
69 39 1
69 35 1
69 21 1
69 88 1
69 34 1
69 112 1
69 60 1
69 123 1
69 129 1
69 44 1
69 61 1
69 65 1
69 58 1
69 106 1
69 37 1
69 77 1
69 86 1
69 55 1
69 51 1
69 56 1
70 125 1
70 63 1
70 94 1
70 46 1
70 122 1
70 0 1
70 42 1
70 126 1
70 36 1
70 103 1
70 110 1
70 27 1
70 55 1
70 44 1
70 22 1
70 2 1
70 26 1
70 78 1
70 117 1
70 128 1
70 105 1
70 80 1
70 64 1
70 121 1
70 90 1
70 69 1
70 104 1
70 120 1
70 119 1
70 53 1
70 3 1
70 71 1
70 5 1
70 97 1
70 67 1
70 87 1
70 82 1
70 23 1
70 8 1
70 41 1
70 45 1
70 10 1
70 17 1
70 39 1
70 9 1
70 58 1
70 59 1
70 89 1
70 30 1
70 35 1
70 116 1
70 49 1
70 32 1
70 79 1
71 129 1
71 75 1
71 51 1
71 73 1
71 62 1
71 47 1
71 58 1
71 88 1
71 99 1
71 20 1
71 35 1
71 0 1
71 80 1
71 109 1
71 2 1
71 84 1
71 68 1
71 120 1
71 95 1
71 1 1
71 59 1
71 118 1
71 34 1
71 81 1
71 114 1
71 110 1
71 11 1
71 45 1
71 6 1
71 22 1
71 29 1
71 48 1
71 50 1
71 53 1
71 98 1
71 127 1
71 43 1
71 24 1
71 49 1
71 15 1
71 82 1
71 103 1
72 39 1
72 96 1
72 64 1
72 37 1
72 50 1
72 19 1
72 101 1
72 86 1
72 47 1
72 111 1
72 7 1
72 2 1
72 97 1
72 32 1
72 91 1
72 54 1
72 24 1
72 10 1
72 45 1
72 16 1
72 21 1
72 100 1
72 89 1
72 20 1
72 105 1
72 6 1
72 128 1
72 5 1
72 30 1
72 125 1
72 73 1
72 15 1
72 121 1
72 113 1
72 31 1
72 33 1
72 42 1
72 9 1
72 4 1
72 103 1
72 93 1
72 122 1
72 52 1
72 23 1
72 59 1
72 17 1
72 120 1
72 117 1
72 78 1
72 69 1
72 109 1
72 70 1
72 3 1
72 75 1
72 12 1
72 71 1
72 53 1
72 61 1
72 28 1
72 112 1
73 30 1
73 53 1
73 48 1
73 40 1
73 92 1
73 46 1
73 93 1
73 44 1
73 72 1
73 68 1
73 34 1
73 19 1
73 116 1
73 62 1
73 56 1
73 2 1
73 70 1
73 66 1
73 59 1
73 76 1
73 88 1
73 77 1
73 81 1
73 54 1
73 103 1
73 47 1
73 82 1
73 14 1
73 38 1
73 74 1
73 89 1
73 98 1
73 36 1
73 80 1
73 109 1
73 24 1
73 43 1
73 21 1
73 63 1
73 28 1
73 33 1
73 87 1
73 6 1
73 121 1
73 22 1
73 97 1
73 108 1
73 20 1
73 10 1
73 29 1
73 5 1
73 7 1
73 71 1
73 58 1
73 119 1
73 25 1
73 101 1
73 75 1
73 49 1
73 85 1
74 9 1
74 70 1
74 113 1
74 86 1
74 94 1
74 18 1
74 127 1
74 77 1
74 33 1
74 34 1
74 0 1
74 75 1
74 58 1
74 39 1
74 23 1
74 100 1
74 53 1
74 83 1
74 92 1
74 124 1
74 105 1
74 121 1
74 10 1
74 8 1
74 69 1
74 98 1
74 117 1
74 2 1
74 81 1
74 48 1
74 95 1
74 3 1
74 62 1
74 76 1
74 118 1
74 120 1
74 63 1
74 50 1
74 107 1
74 13 1
74 51 1
74 42 1
74 99 1
74 71 1
74 54 1
74 103 1
74 116 1
74 67 1
74 41 1
74 35 1
74 102 1
74 14 1
74 90 1
74 22 1
74 115 1
75 105 1
75 22 1
75 27 1
75 108 1
75 89 1
75 49 1
75 123 1
75 25 1
75 57 1
75 17 1
75 87 1
75 2 1
75 88 1
75 54 1
75 81 1
75 78 1
75 110 1
75 50 1
75 118 1
75 80 1
75 121 1
75 9 1
75 112 1
75 106 1
75 101 1
75 39 1
75 63 1
75 126 1
75 46 1
75 31 1
75 28 1
75 77 1
75 47 1
75 69 1
75 1 1
75 14 1
75 66 1
75 74 1
75 32 1
75 125 1
75 26 1
75 90 1
75 128 1
75 51 1
75 40 1
75 99 1
75 117 1
75 15 1
75 56 1
75 42 1
75 19 1
75 53 1
76 81 1
76 47 1
76 125 1
76 95 1
76 111 1
76 122 1
76 78 1
76 5 1
76 10 1
76 7 1
76 69 1
76 21 1
76 56 1
76 106 1
76 59 1
76 75 1
76 74 1
76 22 1
76 43 1
76 90 1
76 1 1
76 35 1
76 110 1
76 36 1
76 49 1
76 51 1
76 91 1
76 115 1
76 121 1
76 104 1
76 45 1
76 71 1
76 88 1
76 105 1
76 48 1
76 67 1
76 129 1
76 93 1
76 53 1
76 52 1
76 116 1
76 30 1
76 23 1
76 61 1
76 40 1
76 31 1
76 96 1
76 72 1
76 17 1
76 86 1
76 64 1
76 118 1
76 42 1
76 44 1
76 11 1
76 100 1
76 107 1
76 54 1
76 83 1
76 4 1
76 12 1
77 7 1
77 92 1
77 5 1
77 113 1
77 116 1
77 90 1
77 115 1
77 53 1
77 96 1
77 93 1
77 38 1
77 18 1
77 91 1
77 21 1
77 35 1
77 117 1
77 110 1
77 99 1
77 67 1
77 54 1
77 28 1
77 83 1
77 8 1
77 1 1
77 32 1
77 102 1
77 22 1
77 101 1
77 118 1
77 72 1
77 63 1
77 42 1
77 129 1
77 39 1
77 120 1
77 66 1
77 84 1
77 43 1
77 26 1
77 36 1
77 9 1
77 128 1
77 27 1
77 55 1
77 59 1
77 14 1
77 112 1
77 49 1
77 62 1
77 19 1
77 109 1
77 105 1
77 11 1
77 106 1
77 74 1
77 30 1
77 41 1
77 94 1
77 47 1
77 111 1
78 16 1
78 120 1
78 47 1
78 93 1
78 18 1
78 50 1
78 110 1
78 90 1
78 40 1
78 74 1
78 77 1
78 99 1
78 36 1
78 6 1
78 112 1
78 31 1
78 49 1
78 75 1
78 24 1
78 87 1
78 98 1
78 33 1
78 70 1
78 125 1
78 86 1
78 67 1
78 48 1
78 28 1
78 106 1
78 129 1
78 85 1
78 72 1
78 95 1
78 38 1
78 2 1
78 117 1
78 32 1
78 62 1
78 126 1
78 21 1
78 76 1
78 11 1
78 20 1
78 64 1
78 61 1
78 26 1
78 10 1
78 7 1
78 5 1
78 14 1
78 29 1
78 88 1
78 45 1
78 3 1
78 9 1
79 28 1
79 22 1
79 121 1
79 91 1
79 82 1
79 67 1
79 4 1
79 61 1
79 0 1
79 3 1
79 117 1
79 59 1
79 52 1
79 65 1
79 11 1
79 41 1
79 94 1
79 34 1
79 74 1
79 105 1
79 53 1
79 108 1
79 115 1
79 50 1
79 57 1
79 48 1
79 95 1
79 62 1
79 24 1
79 43 1
79 17 1
79 42 1
79 23 1
79 63 1
79 7 1
79 72 1
79 66 1
79 38 1
79 27 1
79 26 1
79 123 1
79 116 1
79 29 1
79 92 1
79 10 1
79 122 1
79 60 1
79 40 1
79 5 1
79 87 1
79 127 1
79 13 1
79 36 1
79 80 1
79 56 1
79 75 1
80 46 1
80 107 1
80 35 1
80 113 1
80 52 1
80 101 1
80 58 1
80 9 1
80 27 1
80 89 1
80 103 1
80 73 1
80 71 1
80 65 1
80 97 1
80 112 1
80 118 1
80 70 1
80 91 1
80 4 1
80 100 1
80 110 1
80 93 1
80 85 1
80 10 1
80 53 1
80 47 1
80 44 1
80 106 1
80 88 1
80 68 1
80 56 1
80 117 1
80 57 1
80 30 1
80 20 1
80 120 1
80 49 1
80 74 1
80 40 1
80 115 1
80 94 1
80 78 1
80 99 1
80 86 1
80 129 1
80 116 1
80 16 1
80 62 1
80 33 1
80 14 1
80 96 1
80 32 1
80 64 1
81 29 1
81 100 1
81 68 1
81 91 1
81 88 1
81 36 1
81 1 1
81 27 1
81 5 1
81 96 1
81 105 1
81 75 1
81 124 1
81 48 1
81 120 1
81 7 1
81 33 1
81 67 1
81 92 1
81 15 1
81 25 1
81 31 1
81 122 1
81 62 1
81 55 1
81 32 1
81 26 1
81 98 1
81 79 1
81 14 1
81 52 1
81 42 1
81 28 1
81 114 1
81 107 1
81 45 1
81 69 1
81 121 1
81 22 1
81 34 1
81 129 1
81 35 1
81 110 1
81 6 1
81 51 1
81 60 1
81 37 1
81 113 1
81 18 1
81 44 1
81 106 1
81 21 1
81 41 1
81 43 1
81 111 1
81 40 1
81 58 1
81 53 1
82 116 1
82 56 1
82 111 1
82 105 1
82 41 1
82 78 1
82 71 1
82 80 1
82 60 1
82 108 1
82 102 1
82 92 1
82 101 1
82 69 1
82 129 1
82 19 1
82 87 1
82 84 1
82 53 1
82 124 1
82 107 1
82 96 1
82 72 1
82 90 1
82 62 1
82 13 1
82 67 1
82 55 1
82 123 1
82 61 1
82 121 1
82 6 1
82 94 1
82 70 1
82 88 1
82 33 1
82 104 1
82 66 1
82 49 1
82 42 1
82 57 1
82 12 1
82 28 1
82 48 1
82 20 1
82 32 1
82 10 1
82 76 1
82 7 1
82 126 1
82 46 1
82 3 1
82 39 1
82 24 1
82 118 1
82 99 1
82 16 1
82 58 1
82 52 1
82 79 1
82 27 1
83 46 1
83 37 1
83 57 1
83 24 1
83 104 1
83 61 1
83 32 1
83 80 1
83 88 1
83 58 1
83 117 1
83 74 1
83 125 1
83 126 1
83 72 1
83 16 1
83 43 1
83 3 1
83 59 1
83 51 1
83 27 1
83 127 1
83 92 1
83 109 1
83 18 1
83 38 1
83 62 1
83 75 1
83 19 1
83 124 1
83 54 1
83 22 1
83 66 1
83 123 1
83 82 1
83 56 1
83 52 1
83 48 1
83 9 1
83 95 1
83 55 1
83 63 1
83 2 1
83 113 1
83 70 1
83 60 1
83 65 1
83 4 1
83 5 1
83 71 1
83 90 1
83 93 1
83 81 1
83 10 1
83 87 1
83 116 1
83 25 1
83 64 1
83 119 1
83 121 1
83 129 1
83 7 1
83 20 1
83 14 1
84 88 1
84 42 1
84 45 1
84 71 1
84 10 1
84 118 1
84 7 1
84 25 1
84 122 1
84 115 1
84 66 1
84 64 1
84 67 1
84 15 1
84 100 1
84 29 1
84 86 1
84 18 1
84 59 1
84 35 1
84 6 1
84 16 1
84 99 1
84 123 1
84 11 1
84 116 1
84 81 1
84 96 1
84 30 1
84 44 1
84 101 1
84 34 1
84 89 1
84 76 1
84 65 1
84 62 1
84 128 1
84 58 1
84 37 1
84 129 1
84 1 1
84 90 1
84 43 1
84 61 1
84 74 1
84 121 1
84 27 1
84 104 1
84 48 1
84 119 1
84 108 1
84 93 1
84 28 1
84 80 1
84 56 1
84 95 1
84 47 1
85 103 1
85 60 1
85 100 1
85 3 1
85 7 1
85 27 1
85 87 1
85 126 1
85 109 1
85 96 1
85 41 1
85 86 1
85 62 1
85 93 1
85 57 1
85 56 1
85 45 1
85 5 1
85 32 1
85 69 1
85 117 1
85 29 1
85 44 1
85 19 1
85 1 1
85 111 1
85 106 1
85 65 1
85 82 1
85 35 1
85 76 1
85 129 1
85 6 1
85 67 1
85 54 1
85 95 1
85 77 1
85 16 1
85 40 1
85 18 1
85 110 1
85 73 1
85 74 1
85 47 1
85 17 1
85 13 1
85 52 1
85 23 1
85 115 1
85 79 1
85 101 1
85 12 1
85 2 1
85 34 1
85 92 1
85 91 1
85 72 1
85 22 1
86 7 1
86 80 1
86 36 1
86 83 1
86 112 1
86 49 1
86 77 1
86 48 1
86 1 1
86 39 1
86 6 1
86 124 1
86 68 1
86 26 1
86 57 1
86 53 1
86 91 1
86 34 1
86 87 1
86 52 1
86 58 1
86 40 1
86 3 1
86 101 1
86 61 1
86 32 1
86 85 1
86 8 1
86 96 1
86 75 1
86 109 1
86 89 1
86 94 1
86 121 1
86 14 1
86 67 1
86 113 1
86 51 1
86 63 1
86 93 1
86 42 1
86 56 1
86 31 1
86 79 1
86 21 1
86 66 1
86 16 1
86 33 1
86 76 1
86 70 1
86 10 1
86 118 1
86 103 1
86 69 1
87 21 1
87 58 1
87 52 1
87 88 1
87 73 1
87 96 1
87 125 1
87 42 1
87 75 1
87 18 1
87 14 1
87 97 1
87 59 1
87 2 1
87 113 1
87 30 1
87 78 1
87 61 1
87 4 1
87 54 1
87 13 1
87 70 1
87 27 1
87 106 1
87 98 1
87 33 1
87 48 1
87 36 1
87 80 1
87 11 1
87 22 1
87 82 1
87 72 1
87 112 1
87 69 1
87 0 1
87 9 1
87 86 1
87 109 1
87 38 1
87 65 1
87 99 1
87 56 1
87 50 1
87 49 1
87 35 1
87 91 1
87 24 1
87 67 1
87 39 1
87 16 1
87 79 1
87 47 1
87 126 1
87 17 1
87 71 1
87 81 1
87 92 1
87 104 1
87 107 1
87 19 1
87 127 1
87 83 1
88 31 1
88 81 1
88 68 1
88 46 1
88 116 1
88 103 1
88 87 1
88 55 1
88 1 1
88 19 1
88 6 1
88 58 1
88 33 1
88 71 1
88 49 1
88 104 1
88 101 1
88 92 1
88 9 1
88 43 1
88 35 1
88 118 1
88 66 1
88 2 1
88 30 1
88 25 1
88 63 1
88 70 1
88 60 1
88 119 1
88 34 1
88 102 1
88 123 1
88 95 1
88 15 1
88 77 1
88 89 1
88 64 1
88 28 1
88 62 1
88 41 1
88 29 1
88 22 1
88 42 1
88 91 1
88 127 1
88 11 1
88 120 1
88 12 1
88 4 1
88 107 1
88 105 1
88 109 1
88 85 1
88 79 1
88 10 1
88 94 1
88 72 1
88 5 1
88 50 1
88 96 1
88 51 1
88 48 1
88 82 1
88 126 1
88 128 1
88 7 1
88 73 1
88 84 1
89 104 1
89 98 1
89 22 1
89 113 1
89 1 1
89 105 1
89 57 1
89 6 1
89 93 1
89 61 1
89 72 1
89 38 1
89 83 1
89 41 1
89 5 1
89 107 1
89 80 1
89 116 1
89 121 1
89 10 1
89 24 1
89 67 1
89 97 1
89 55 1
89 100 1
89 122 1
89 81 1
89 63 1
89 127 1
89 88 1
89 119 1
89 25 1
89 95 1
89 70 1
89 46 1
89 28 1
89 43 1
89 102 1
89 74 1
89 117 1
89 20 1
89 36 1
89 11 1
89 120 1
89 18 1
89 56 1
89 8 1
89 17 1
89 4 1
89 29 1
89 77 1
89 62 1
89 40 1
89 103 1
89 118 1
89 69 1
89 45 1
89 3 1
89 90 1
89 66 1
89 13 1
89 124 1
90 71 1
90 56 1
90 127 1
90 17 1
90 94 1
90 117 1
90 34 1
90 96 1
90 85 1
90 58 1
90 62 1
90 61 1
90 95 1
90 113 1
90 43 1
90 82 1
90 97 1
90 33 1
90 104 1
90 37 1
90 14 1
90 64 1
90 83 1
90 129 1
90 73 1
90 49 1
90 28 1
90 27 1
90 39 1
90 66 1
90 21 1
90 22 1
90 15 1
90 60 1
90 81 1
90 53 1
90 35 1
90 80 1
90 125 1
90 102 1
90 115 1
90 91 1
90 100 1
90 111 1
90 8 1
90 3 1
90 46 1
90 110 1
90 6 1
90 48 1
90 122 1
90 68 1
90 121 1
90 1 1
90 29 1
90 107 1
90 93 1
90 54 1
90 47 1
90 116 1
90 126 1
90 13 1
91 76 1
91 51 1
91 66 1
91 95 1
91 109 1
91 74 1
91 8 1
91 18 1
91 39 1
91 61 1
91 107 1
91 20 1
91 2 1
91 3 1
91 108 1
91 115 1
91 100 1
91 92 1
91 54 1
91 94 1
91 4 1
91 19 1
91 121 1
91 93 1
91 102 1
91 28 1
91 13 1
91 69 1
91 43 1
91 103 1
91 122 1
91 45 1
91 5 1
91 70 1
91 127 1
91 105 1
91 41 1
91 85 1
91 82 1
91 87 1
91 72 1
91 55 1
91 104 1
91 50 1
91 27 1
91 12 1
91 24 1
91 114 1
91 83 1
91 129 1
91 35 1
91 117 1
91 16 1
91 47 1
91 33 1
91 31 1
91 59 1
91 14 1
91 113 1
91 96 1
91 67 1
91 10 1
92 106 1
92 73 1
92 1 1
92 12 1
92 91 1
92 32 1
92 78 1
92 81 1
92 124 1
92 37 1
92 17 1
92 45 1
92 86 1
92 61 1
92 108 1
92 58 1
92 34 1
92 3 1
92 126 1
92 6 1
92 2 1
92 71 1
92 57 1
92 77 1
92 0 1
92 11 1
92 33 1
92 23 1
92 24 1
92 9 1
92 49 1
92 109 1
92 122 1
92 83 1
92 62 1
92 117 1
92 90 1
92 27 1
92 28 1
92 4 1
92 76 1
92 30 1
92 103 1
92 104 1
92 8 1
92 56 1
92 118 1
92 63 1
92 111 1
92 42 1
92 113 1
92 94 1
92 48 1
92 47 1
92 127 1
92 18 1
92 129 1
92 21 1
92 98 1
92 93 1
92 14 1
92 123 1
92 80 1
92 15 1
92 82 1
92 88 1
92 52 1
92 99 1
92 64 1
93 24 1
93 47 1
93 54 1
93 27 1
93 100 1
93 2 1
93 61 1
93 0 1
93 55 1
93 114 1
93 9 1
93 56 1
93 41 1
93 119 1
93 96 1
93 51 1
93 94 1
93 48 1
93 69 1
93 18 1
93 116 1
93 53 1
93 10 1
93 23 1
93 13 1
93 33 1
93 36 1
93 44 1
93 75 1
93 111 1
93 97 1
93 31 1
93 26 1
93 98 1
93 6 1
93 3 1
93 105 1
93 34 1
93 38 1
93 79 1
93 57 1
93 20 1
93 70 1
93 103 1
93 113 1
93 102 1
93 67 1
93 126 1
93 8 1
93 43 1
93 101 1
93 35 1
93 63 1
93 92 1
93 25 1
93 16 1
93 82 1
93 59 1
93 99 1
93 86 1
93 40 1
93 89 1
94 64 1
94 67 1
94 101 1
94 115 1
94 16 1
94 122 1
94 47 1
94 85 1
94 12 1
94 81 1
94 127 1
94 8 1
94 118 1
94 32 1
94 91 1
94 110 1
94 75 1
94 90 1
94 36 1
94 33 1
94 61 1
94 52 1
94 4 1
94 128 1
94 109 1
94 2 1
94 41 1
94 35 1
94 93 1
94 104 1
94 17 1
94 69 1
94 121 1
94 125 1
94 53 1
94 117 1
94 119 1
94 114 1
94 60 1
94 3 1
94 63 1
94 82 1
94 7 1
94 89 1
94 11 1
94 28 1
94 25 1
94 40 1
94 86 1
94 42 1
94 108 1
94 56 1
94 50 1
94 105 1
94 126 1
94 59 1
94 71 1
95 67 1
95 8 1
95 65 1
95 106 1
95 28 1
95 25 1
95 16 1
95 115 1
95 21 1
95 29 1
95 97 1
95 89 1
95 103 1
95 109 1
95 128 1
95 77 1
95 52 1
95 88 1
95 78 1
95 23 1
95 22 1
95 36 1
95 75 1
95 66 1
95 120 1
95 111 1
95 108 1
95 5 1
95 64 1
95 94 1
95 20 1
95 34 1
95 15 1
95 98 1
95 19 1
95 124 1
95 44 1
95 54 1
95 80 1
95 37 1
95 63 1
95 32 1
95 47 1
95 129 1
95 41 1
95 72 1
95 50 1
95 4 1
95 61 1
95 3 1
95 6 1
95 0 1
95 127 1
95 13 1
95 86 1
96 26 1
96 121 1
96 38 1
96 111 1
96 110 1
96 119 1
96 50 1
96 81 1
96 120 1
96 72 1
96 109 1
96 8 1
96 71 1
96 95 1
96 21 1
96 42 1
96 48 1
96 101 1
96 32 1
96 20 1
96 126 1
96 86 1
96 100 1
96 11 1
96 92 1
96 58 1
96 31 1
96 36 1
96 5 1
96 53 1
96 24 1
96 104 1
96 57 1
96 76 1
96 13 1
96 113 1
96 115 1
96 43 1
96 75 1
96 90 1
96 27 1
96 30 1
96 77 1
96 97 1
96 89 1
96 80 1
96 17 1
96 10 1
96 129 1
96 55 1
97 20 1
97 11 1
97 78 1
97 53 1
97 50 1
97 42 1
97 39 1
97 77 1
97 15 1
97 68 1
97 48 1
97 107 1
97 51 1
97 55 1
97 109 1
97 46 1
97 87 1
97 70 1
97 0 1
97 95 1
97 66 1
97 100 1
97 119 1
97 18 1
97 79 1
97 10 1
97 86 1
97 71 1
97 1 1
97 34 1
97 108 1
97 74 1
97 21 1
97 85 1
97 73 1
97 98 1
97 2 1
97 82 1
97 31 1
97 33 1
97 61 1
97 117 1
97 41 1
97 63 1
97 12 1
97 47 1
97 88 1
97 80 1
97 106 1
97 101 1
97 17 1
97 52 1
97 32 1
97 6 1
97 125 1
97 124 1
97 81 1
97 110 1
97 99 1
98 80 1
98 91 1
98 90 1
98 51 1
98 54 1
98 94 1
98 108 1
98 121 1
98 83 1
98 47 1
98 53 1
98 122 1
98 56 1
98 13 1
98 21 1
98 46 1
98 82 1
98 17 1
98 126 1
98 105 1
98 117 1
98 33 1
98 89 1
98 52 1
98 50 1
98 75 1
98 26 1
98 74 1
98 120 1
98 85 1
98 97 1
98 104 1
98 48 1
98 87 1
98 4 1
98 71 1
98 86 1
98 73 1
98 10 1
98 116 1
98 95 1
98 30 1
98 0 1
98 101 1
98 77 1
98 44 1
98 24 1
98 123 1
98 129 1
98 15 1
98 119 1
98 110 1
98 27 1
98 7 1
98 6 1
98 79 1
98 106 1
98 81 1
98 103 1
98 20 1
98 64 1
98 96 1
99 121 1
99 92 1
99 52 1
99 57 1
99 128 1
99 2 1
99 61 1
99 83 1
99 26 1
99 19 1
99 70 1
99 14 1
99 44 1
99 8 1
99 85 1
99 27 1
99 127 1
99 17 1
99 95 1
99 30 1
99 3 1
99 23 1
99 80 1
99 104 1
99 53 1
99 5 1
99 102 1
99 59 1
99 117 1
99 91 1
99 97 1
99 72 1
99 20 1
99 22 1
99 21 1
99 46 1
99 120 1
99 34 1
99 37 1
99 1 1
99 35 1
99 98 1
99 88 1
99 126 1
99 71 1
99 119 1
99 40 1
99 11 1
99 114 1
99 13 1
99 42 1
99 48 1
99 36 1
99 118 1
99 112 1
99 109 1
99 16 1
99 100 1
99 79 1
100 32 1
100 91 1
100 13 1
100 116 1
100 35 1
100 80 1
100 118 1
100 29 1
100 106 1
100 121 1
100 38 1
100 128 1
100 90 1
100 60 1
100 88 1
100 33 1
100 8 1
100 7 1
100 40 1
100 21 1
100 103 1
100 114 1
100 22 1
100 61 1
100 39 1
100 112 1
100 117 1
100 46 1
100 123 1
100 76 1
100 17 1
100 18 1
100 97 1
100 101 1
100 52 1
100 63 1
100 36 1
100 6 1
100 14 1
100 85 1
100 2 1
100 77 1
100 125 1
100 31 1
100 48 1
100 15 1
100 55 1
100 20 1
100 74 1
100 109 1
100 42 1
100 84 1
100 34 1
100 79 1
100 5 1
100 129 1
100 119 1
100 24 1
100 75 1
100 45 1
100 95 1
100 51 1
101 38 1
101 113 1
101 126 1
101 80 1
101 2 1
101 29 1
101 42 1
101 128 1
101 16 1
101 9 1
101 18 1
101 115 1
101 117 1
101 111 1
101 65 1
101 49 1
101 84 1
101 88 1
101 97 1
101 61 1
101 10 1
101 86 1
101 110 1
101 63 1
101 120 1
101 114 1
101 67 1
101 30 1
101 98 1
101 8 1
101 22 1
101 50 1
101 1 1
101 99 1
101 103 1
101 79 1
101 12 1
101 124 1
101 43 1
101 77 1
101 28 1
101 66 1
101 56 1
101 85 1
101 14 1
101 72 1
101 82 1
101 6 1
101 129 1
101 89 1
101 116 1
101 21 1
101 90 1
101 100 1
101 33 1
101 20 1
101 112 1
101 104 1
101 107 1
101 46 1
101 76 1
102 26 1
102 112 1
102 61 1
102 19 1
102 96 1
102 59 1
102 17 1
102 41 1
102 116 1
102 120 1
102 106 1
102 66 1
102 100 1
102 38 1
102 124 1
102 80 1
102 2 1
102 25 1
102 6 1
102 108 1
102 127 1
102 81 1
102 128 1
102 119 1
102 28 1
102 36 1
102 44 1
102 104 1
102 42 1
102 117 1
102 86 1
102 92 1
102 32 1
102 52 1
102 115 1
102 45 1
102 37 1
102 87 1
102 97 1
102 62 1
102 21 1
102 76 1
102 56 1
102 95 1
102 48 1
102 34 1
102 10 1
102 91 1
102 107 1
102 84 1
102 31 1
102 50 1
102 20 1
102 15 1
102 5 1
102 82 1
102 51 1
102 89 1
102 110 1
102 24 1
102 47 1
103 114 1
103 128 1
103 95 1
103 63 1
103 71 1
103 94 1
103 54 1
103 112 1
103 37 1
103 84 1
103 91 1
103 127 1
103 53 1
103 38 1
103 68 1
103 46 1
103 99 1
103 55 1
103 81 1
103 22 1
103 83 1
103 90 1
103 24 1
103 51 1
103 39 1
103 61 1
103 70 1
103 107 1
103 77 1
103 129 1
103 123 1
103 76 1
103 120 1
103 108 1
103 30 1
103 109 1
103 27 1
103 6 1
103 57 1
103 50 1
103 18 1
103 41 1
103 117 1
103 100 1
103 110 1
103 92 1
103 82 1
103 73 1
103 45 1
103 75 1
103 115 1
103 34 1
103 85 1
103 16 1
103 67 1
103 15 1
103 52 1
103 69 1
103 125 1
103 17 1
104 9 1
104 8 1
104 123 1
104 90 1
104 118 1
104 45 1
104 85 1
104 11 1
104 6 1
104 20 1
104 57 1
104 77 1
104 120 1
104 61 1
104 79 1
104 106 1
104 1 1
104 89 1
104 30 1
104 100 1
104 94 1
104 112 1
104 110 1
104 124 1
104 26 1
104 32 1
104 41 1
104 129 1
104 113 1
104 48 1
104 125 1
104 23 1
104 95 1
104 86 1
104 25 1
104 76 1
104 102 1
104 71 1
104 37 1
104 44 1
104 0 1
104 27 1
104 115 1
104 22 1
104 88 1
104 18 1
104 49 1
104 93 1
104 101 1
104 97 1
104 39 1
104 91 1
104 81 1
104 15 1
104 69 1
104 31 1
104 70 1
104 59 1
104 36 1
104 47 1
104 73 1
105 29 1
105 113 1
105 124 1
105 8 1
105 115 1
105 91 1
105 6 1
105 117 1
105 9 1
105 44 1
105 46 1
105 23 1
105 58 1
105 4 1
105 45 1
105 89 1
105 111 1
105 90 1
105 68 1
105 96 1
105 86 1
105 25 1
105 3 1
105 109 1
105 64 1
105 94 1
105 102 1
105 27 1
105 83 1
105 81 1
105 122 1
105 103 1
105 119 1
105 38 1
105 12 1
105 14 1
105 34 1
105 66 1
105 112 1
105 40 1
105 56 1
105 55 1
105 63 1
105 26 1
105 104 1
105 95 1
105 35 1
105 82 1
105 127 1
105 80 1
105 42 1
105 70 1
105 10 1
105 49 1
105 16 1
105 1 1
105 97 1
105 60 1
105 120 1
105 53 1
105 5 1
106 30 1
106 74 1
106 100 1
106 108 1
106 5 1
106 59 1
106 8 1
106 126 1
106 115 1
106 127 1
106 65 1
106 31 1
106 120 1
106 48 1
106 2 1
106 71 1
106 88 1
106 111 1
106 129 1
106 24 1
106 60 1
106 43 1
106 57 1
106 85 1
106 104 1
106 52 1
106 50 1
106 12 1
106 83 1
106 38 1
106 92 1
106 3 1
106 67 1
106 76 1
106 116 1
106 84 1
106 15 1
106 27 1
106 26 1
106 23 1
106 11 1
106 19 1
106 75 1
106 69 1
106 46 1
106 79 1
106 81 1
106 78 1
106 124 1
106 7 1
106 93 1
106 61 1
106 36 1
106 45 1
106 1 1
106 99 1
106 72 1
106 39 1
106 103 1
106 37 1
106 58 1
106 94 1
107 129 1
107 21 1
107 94 1
107 66 1
107 57 1
107 126 1
107 102 1
107 110 1
107 84 1
107 59 1
107 19 1
107 32 1
107 88 1
107 2 1
107 123 1
107 63 1
107 111 1
107 10 1
107 55 1
107 5 1
107 99 1
107 64 1
107 65 1
107 92 1
107 112 1
107 69 1
107 43 1
107 67 1
107 40 1
107 52 1
107 81 1
107 83 1
107 101 1
107 0 1
107 119 1
107 80 1
107 100 1
107 91 1
107 45 1
107 50 1
107 25 1
107 24 1
107 53 1
107 34 1
107 26 1
107 31 1
107 74 1
107 8 1
107 85 1
107 38 1
107 58 1
107 106 1
107 86 1
107 95 1
107 56 1
107 51 1
107 54 1
107 103 1
108 57 1
108 23 1
108 53 1
108 17 1
108 24 1
108 45 1
108 122 1
108 127 1
108 63 1
108 111 1
108 41 1
108 85 1
108 74 1
108 70 1
108 59 1
108 25 1
108 124 1
108 109 1
108 4 1
108 46 1
108 19 1
108 13 1
108 5 1
108 52 1
108 90 1
108 10 1
108 98 1
108 26 1
108 77 1
108 9 1
108 38 1
108 84 1
108 100 1
108 79 1
108 89 1
108 101 1
108 20 1
108 3 1
108 22 1
108 76 1
108 119 1
108 34 1
108 110 1
108 50 1
108 105 1
108 126 1
108 44 1
108 67 1
108 49 1
108 81 1
108 14 1
108 40 1
108 61 1
108 103 1
108 73 1
108 51 1
108 116 1
108 80 1
108 94 1
108 12 1
109 103 1
109 22 1
109 14 1
109 29 1
109 8 1
109 50 1
109 70 1
109 6 1
109 48 1
109 101 1
109 26 1
109 104 1
109 65 1
109 91 1
109 16 1
109 94 1
109 32 1
109 97 1
109 51 1
109 82 1
109 12 1
109 33 1
109 27 1
109 21 1
109 3 1
109 57 1
109 23 1
109 83 1
109 10 1
109 63 1
109 68 1
109 2 1
109 39 1
109 38 1
109 88 1
109 67 1
109 45 1
109 99 1
109 59 1
109 96 1
109 124 1
109 81 1
109 115 1
109 86 1
109 56 1
109 90 1
109 123 1
109 80 1
109 95 1
109 0 1
109 98 1
109 78 1
109 121 1
109 87 1
109 122 1
109 105 1
109 55 1
109 116 1
109 46 1
109 28 1
109 13 1
109 108 1
109 125 1
109 61 1
110 12 1
110 28 1
110 86 1
110 68 1
110 65 1
110 0 1
110 55 1
110 24 1
110 87 1
110 80 1
110 61 1
110 122 1
110 124 1
110 53 1
110 39 1
110 4 1
110 118 1
110 51 1
110 62 1
110 91 1
110 81 1
110 123 1
110 78 1
110 56 1
110 6 1
110 36 1
110 88 1
110 60 1
110 44 1
110 70 1
110 38 1
110 84 1
110 93 1
110 126 1
110 79 1
110 73 1
110 14 1
110 129 1
110 57 1
110 35 1
110 46 1
110 50 1
110 26 1
110 58 1
110 85 1
110 54 1
110 59 1
110 109 1
110 41 1
110 47 1
110 17 1
110 94 1
110 115 1
110 15 1
110 16 1
110 114 1
110 99 1
110 11 1
110 127 1
110 32 1
110 90 1
111 97 1
111 20 1
111 10 1
111 128 1
111 112 1
111 15 1
111 18 1
111 81 1
111 17 1
111 127 1
111 29 1
111 16 1
111 14 1
111 2 1
111 24 1
111 40 1
111 13 1
111 11 1
111 49 1
111 107 1
111 0 1
111 48 1
111 88 1
111 68 1
111 67 1
111 12 1
111 78 1
111 21 1
111 43 1
111 9 1
111 93 1
111 19 1
111 110 1
111 113 1
111 42 1
111 126 1
111 61 1
111 109 1
111 33 1
111 103 1
111 1 1
111 52 1
111 4 1
111 72 1
111 64 1
111 95 1
111 117 1
111 27 1
111 123 1
111 56 1
111 57 1
111 99 1
111 45 1
111 79 1
111 34 1
111 7 1
111 70 1
111 59 1
111 26 1
112 21 1
112 109 1
112 43 1
112 14 1
112 77 1
112 115 1
112 95 1
112 127 1
112 101 1
112 69 1
112 0 1
112 62 1
112 51 1
112 84 1
112 15 1
112 94 1
112 78 1
112 100 1
112 90 1
112 13 1
112 60 1
112 25 1
112 129 1
112 54 1
112 79 1
112 41 1
112 99 1
112 106 1
112 122 1
112 120 1
112 7 1
112 67 1
112 121 1
112 31 1
112 55 1
112 4 1
112 48 1
112 119 1
112 1 1
112 16 1
112 97 1
112 44 1
112 102 1
112 80 1
112 28 1
112 19 1
112 96 1
112 42 1
112 108 1
112 57 1
112 117 1
112 85 1
112 113 1
112 5 1
112 58 1
112 110 1
112 125 1
112 63 1
112 87 1
112 9 1
112 73 1
112 71 1
112 29 1
113 38 1
113 13 1
113 82 1
113 95 1
113 7 1
113 77 1
113 42 1
113 104 1
113 34 1
113 22 1
113 83 1
113 97 1
113 121 1
113 28 1
113 91 1
113 124 1
113 86 1
113 60 1
113 9 1
113 21 1
113 39 1
113 108 1
113 41 1
113 88 1
113 111 1
113 73 1
113 96 1
113 123 1
113 66 1
113 24 1
113 37 1
113 61 1
113 127 1
113 63 1
113 68 1
113 80 1
113 75 1
113 35 1
113 44 1
113 1 1
113 0 1
113 70 1
113 109 1
113 129 1
113 33 1
113 116 1
113 32 1
113 56 1
113 76 1
113 3 1
113 98 1
113 114 1
113 59 1
113 31 1
113 49 1
113 6 1
113 40 1
113 89 1
114 92 1
114 49 1
114 95 1
114 120 1
114 125 1
114 13 1
114 22 1
114 106 1
114 23 1
114 83 1
114 98 1
114 75 1
114 115 1
114 77 1
114 73 1
114 55 1
114 61 1
114 41 1
114 110 1
114 94 1
114 1 1
114 81 1
114 102 1
114 72 1
114 29 1
114 19 1
114 60 1
114 104 1
114 7 1
114 46 1
114 89 1
114 107 1
114 96 1
114 28 1
114 51 1
114 34 1
114 71 1
114 105 1
114 40 1
114 56 1
114 82 1
114 103 1
114 112 1
114 14 1
114 62 1
114 58 1
114 74 1
114 91 1
114 43 1
114 88 1
114 15 1
114 53 1
114 99 1
114 78 1
114 38 1
114 50 1
114 121 1
114 17 1
115 69 1
115 86 1
115 72 1
115 60 1
115 128 1
115 52 1
115 22 1
115 96 1
115 102 1
115 49 1
115 67 1
115 31 1
115 84 1
115 40 1
115 88 1
115 46 1
115 85 1
115 37 1
115 124 1
115 74 1
115 77 1
115 63 1
115 43 1
115 65 1
115 15 1
115 30 1
115 50 1
115 89 1
115 98 1
115 0 1
115 18 1
115 55 1
115 120 1
115 87 1
115 1 1
115 8 1
115 80 1
115 83 1
115 91 1
115 125 1
115 48 1
115 44 1
115 7 1
115 90 1
115 127 1
115 4 1
115 129 1
115 35 1
115 47 1
115 33 1
115 71 1
115 92 1
115 116 1
115 93 1
115 5 1
115 78 1
115 13 1
115 114 1
115 42 1
115 16 1
115 28 1
115 68 1
115 23 1
115 66 1
115 64 1
115 45 1
116 100 1
116 31 1
116 71 1
116 76 1
116 24 1
116 67 1
116 94 1
116 9 1
116 62 1
116 50 1
116 109 1
116 15 1
116 12 1
116 86 1
116 25 1
116 122 1
116 16 1
116 118 1
116 41 1
116 72 1
116 49 1
116 124 1
116 37 1
116 42 1
116 69 1
116 121 1
116 21 1
116 0 1
116 54 1
116 8 1
116 47 1
116 101 1
116 77 1
116 45 1
116 113 1
116 39 1
116 87 1
116 112 1
116 107 1
116 75 1
116 38 1
116 56 1
116 88 1
116 74 1
116 97 1
116 78 1
116 102 1
116 119 1
116 51 1
116 22 1
116 96 1
116 63 1
116 85 1
116 14 1
116 83 1
116 125 1
116 29 1
116 91 1
116 108 1
117 98 1
117 4 1
117 102 1
117 49 1
117 69 1
117 93 1
117 18 1
117 111 1
117 97 1
117 17 1
117 12 1
117 119 1
117 13 1
117 8 1
117 16 1
117 41 1
117 15 1
117 99 1
117 126 1
117 96 1
117 62 1
117 70 1
117 63 1
117 2 1
117 95 1
117 109 1
117 33 1
117 76 1
117 81 1
117 71 1
117 104 1
117 61 1
117 82 1
117 27 1
117 115 1
117 3 1
117 50 1
117 124 1
117 46 1
117 122 1
117 108 1
117 65 1
117 85 1
117 38 1
117 127 1
117 31 1
117 68 1
117 103 1
117 24 1
117 59 1
117 94 1
117 107 1
117 80 1
117 101 1
117 92 1
117 37 1
117 35 1
118 31 1
118 76 1
118 121 1
118 68 1
118 103 1
118 74 1
118 117 1
118 26 1
118 79 1
118 109 1
118 12 1
118 17 1
118 1 1
118 116 1
118 98 1
118 62 1
118 61 1
118 46 1
118 70 1
118 65 1
118 35 1
118 11 1
118 7 1
118 84 1
118 55 1
118 20 1
118 14 1
118 122 1
118 78 1
118 10 1
118 37 1
118 38 1
118 113 1
118 30 1
118 83 1
118 102 1
118 129 1
118 128 1
118 22 1
118 48 1
118 119 1
118 2 1
118 42 1
118 43 1
118 13 1
118 89 1
118 27 1
118 114 1
118 85 1
118 93 1
118 15 1
118 44 1
119 22 1
119 85 1
119 102 1
119 90 1
119 106 1
119 50 1
119 87 1
119 48 1
119 84 1
119 75 1
119 108 1
119 107 1
119 7 1
119 11 1
119 53 1
119 55 1
119 74 1
119 78 1
119 115 1
119 103 1
119 80 1
119 112 1
119 114 1
119 57 1
119 13 1
119 51 1
119 33 1
119 29 1
119 100 1
119 27 1
119 31 1
119 89 1
119 9 1
119 105 1
119 72 1
119 94 1
119 118 1
119 123 1
119 52 1
119 66 1
119 71 1
119 117 1
119 61 1
119 2 1
119 59 1
119 39 1
119 40 1
119 6 1
119 116 1
119 16 1
119 64 1
119 24 1
119 5 1
119 128 1
119 63 1
119 38 1
119 97 1
119 98 1
119 88 1
120 66 1
120 8 1
120 101 1
120 34 1
120 117 1
120 31 1
120 109 1
120 27 1
120 107 1
120 108 1
120 38 1
120 125 1
120 71 1
120 81 1
120 113 1
120 36 1
120 92 1
120 5 1
120 1 1
120 70 1
120 35 1
120 119 1
120 22 1
120 12 1
120 50 1
120 110 1
120 100 1
120 91 1
120 123 1
120 52 1
120 9 1
120 63 1
120 102 1
120 75 1
120 129 1
120 106 1
120 21 1
120 65 1
120 29 1
120 127 1
120 26 1
120 28 1
120 17 1
120 82 1
120 126 1
120 33 1
120 37 1
120 56 1
120 122 1
120 104 1
120 3 1
120 114 1
120 77 1
120 32 1
120 124 1
121 16 1
121 99 1
121 82 1
121 35 1
121 70 1
121 98 1
121 7 1
121 62 1
121 1 1
121 14 1
121 86 1
121 85 1
121 126 1
121 69 1
121 15 1
121 0 1
121 87 1
121 41 1
121 40 1
121 88 1
121 57 1
121 91 1
121 8 1
121 44 1
121 128 1
121 115 1
121 46 1
121 68 1
121 22 1
121 32 1
121 65 1
121 127 1
121 74 1
121 78 1
121 39 1
121 129 1
121 12 1
121 118 1
121 71 1
121 64 1
121 79 1
121 23 1
121 125 1
121 48 1
121 107 1
121 4 1
121 117 1
121 104 1
121 10 1
121 25 1
121 92 1
121 56 1
121 63 1
121 114 1
121 49 1
121 3 1
122 111 1
122 129 1
122 89 1
122 85 1
122 95 1
122 51 1
122 96 1
122 126 1
122 105 1
122 125 1
122 90 1
122 127 1
122 10 1
122 12 1
122 71 1
122 124 1
122 31 1
122 46 1
122 109 1
122 37 1
122 47 1
122 69 1
122 38 1
122 104 1
122 14 1
122 103 1
122 81 1
122 64 1
122 63 1
122 50 1
122 88 1
122 24 1
122 73 1
122 92 1
122 113 1
122 26 1
122 107 1
122 48 1
122 13 1
122 93 1
122 80 1
122 2 1
122 6 1
122 82 1
122 119 1
122 72 1
122 74 1
122 61 1
122 25 1
122 60 1
122 65 1
122 128 1
122 94 1
123 22 1
123 30 1
123 8 1
123 72 1
123 113 1
123 18 1
123 79 1
123 51 1
123 57 1
123 128 1
123 87 1
123 66 1
123 70 1
123 14 1
123 101 1
123 56 1
123 16 1
123 103 1
123 4 1
123 84 1
123 75 1
123 26 1
123 100 1
123 114 1
123 39 1
123 53 1
123 43 1
123 89 1
123 74 1
123 98 1
123 91 1
123 46 1
123 73 1
123 31 1
123 32 1
123 69 1
123 13 1
123 45 1
123 97 1
123 44 1
123 23 1
123 15 1
123 37 1
123 112 1
123 106 1
123 77 1
123 67 1
123 29 1
123 19 1
123 2 1
123 127 1
123 61 1
123 11 1
123 59 1
123 126 1
123 63 1
123 10 1
123 65 1
123 78 1
123 7 1
123 24 1
123 27 1
123 102 1
123 90 1
123 71 1
123 86 1
123 9 1
123 122 1
124 80 1
124 18 1
124 15 1
124 43 1
124 44 1
124 109 1
124 2 1
124 71 1
124 51 1
124 103 1
124 54 1
124 82 1
124 75 1
124 39 1
124 110 1
124 72 1
124 83 1
124 34 1
124 31 1
124 14 1
124 70 1
124 122 1
124 67 1
124 40 1
124 27 1
124 89 1
124 11 1
124 125 1
124 79 1
124 4 1
124 13 1
124 47 1
124 64 1
124 116 1
124 73 1
124 58 1
124 85 1
124 25 1
124 8 1
124 9 1
124 117 1
124 88 1
124 76 1
124 37 1
124 128 1
124 57 1
124 100 1
124 29 1
124 92 1
124 45 1
124 90 1
124 20 1
124 38 1
124 12 1
124 50 1
124 48 1
124 66 1
124 42 1
124 16 1
124 77 1
124 28 1
124 119 1
125 23 1
125 84 1
125 65 1
125 66 1
125 62 1
125 17 1
125 58 1
125 99 1
125 111 1
125 24 1
125 43 1
125 88 1
125 16 1
125 114 1
125 20 1
125 92 1
125 106 1
125 126 1
125 67 1
125 102 1
125 1 1
125 80 1
125 49 1
125 68 1
125 30 1
125 71 1
125 60 1
125 25 1
125 123 1
125 31 1
125 120 1
125 28 1
125 56 1
125 76 1
125 79 1
125 19 1
125 39 1
125 86 1
125 4 1
125 124 1
125 22 1
125 100 1
125 11 1
125 95 1
125 44 1
125 40 1
125 0 1
125 82 1
125 91 1
125 13 1
125 87 1
125 129 1
125 35 1
125 118 1
125 36 1
125 26 1
125 33 1
126 58 1
126 30 1
126 17 1
126 54 1
126 5 1
126 109 1
126 100 1
126 113 1
126 38 1
126 61 1
126 67 1
126 53 1
126 7 1
126 11 1
126 57 1
126 122 1
126 120 1
126 13 1
126 108 1
126 63 1
126 118 1
126 14 1
126 45 1
126 115 1
126 87 1
126 28 1
126 44 1
126 52 1
126 23 1
126 84 1
126 1 1
126 111 1
126 10 1
126 41 1
126 81 1
126 51 1
126 85 1
126 72 1
126 6 1
126 107 1
126 99 1
126 8 1
126 91 1
126 89 1
126 22 1
126 96 1
126 47 1
126 25 1
126 104 1
126 27 1
126 56 1
126 35 1
127 76 1
127 121 1
127 21 1
127 46 1
127 118 1
127 92 1
127 4 1
127 27 1
127 108 1
127 128 1
127 11 1
127 28 1
127 13 1
127 12 1
127 35 1
127 50 1
127 90 1
127 81 1
127 55 1
127 74 1
127 22 1
127 100 1
127 23 1
127 31 1
127 119 1
127 89 1
127 58 1
127 112 1
127 57 1
127 53 1
127 73 1
127 32 1
127 64 1
127 80 1
127 115 1
127 104 1
127 37 1
127 84 1
127 52 1
127 56 1
127 105 1
127 85 1
127 48 1
127 45 1
127 67 1
127 3 1
127 43 1
127 47 1
127 66 1
127 7 1
127 109 1
127 8 1
127 2 1
127 111 1
127 14 1
127 126 1
127 122 1
127 125 1
127 91 1
127 129 1
127 110 1
127 36 1
127 19 1
127 29 1
127 9 1
127 71 1
127 93 1
127 15 1
128 76 1
128 125 1
128 60 1
128 113 1
128 9 1
128 15 1
128 56 1
128 115 1
128 33 1
128 119 1
128 64 1
128 37 1
128 0 1
128 90 1
128 59 1
128 35 1
128 34 1
128 78 1
128 24 1
128 11 1
128 81 1
128 129 1
128 29 1
128 107 1
128 97 1
128 74 1
128 28 1
128 10 1
128 19 1
128 117 1
128 118 1
128 109 1
128 100 1
128 16 1
128 58 1
128 73 1
128 126 1
128 23 1
128 14 1
128 32 1
128 99 1
128 111 1
128 22 1
128 42 1
128 108 1
128 62 1
128 79 1
128 7 1
128 50 1
128 98 1
128 12 1
128 13 1
129 69 1
129 19 1
129 99 1
129 42 1
129 70 1
129 66 1
129 5 1
129 52 1
129 10 1
129 125 1
129 79 1
129 89 1
129 100 1
129 108 1
129 46 1
129 59 1
129 28 1
129 104 1
129 32 1
129 29 1
129 116 1
129 107 1
129 31 1
129 88 1
129 80 1
129 24 1
129 47 1
129 63 1
129 12 1
129 11 1
129 119 1
129 121 1
129 85 1
129 102 1
129 98 1
129 65 1
129 97 1
129 120 1
129 27 1
129 60 1
129 4 1
129 127 1
129 101 1
129 38 1
129 2 1
129 35 1
129 18 1
129 55 1
129 78 1
129 113 1
129 56 1
129 92 1
129 9 1
129 40 1
129 112 1
