# Nodes: 260 Edges: 2000
0 112 1
1 199 1
1 45 1
1 31 1
1 195 1
1 160 1
1 91 1
1 257 1
2 245 1
2 196 1
2 246 1
2 232 1
2 114 1
3 48 1
3 238 1
4 177 1
4 67 1
4 117 1
4 130 1
4 17 1
4 61 1
4 115 1
4 65 1
4 216 1
5 151 1
5 148 1
5 161 1
5 28 1
5 58 1
5 157 1
6 102 1
6 7 1
6 151 1
6 192 1
6 76 1
6 233 1
6 200 1
6 197 1
6 226 1
6 121 1
7 143 1
7 250 1
7 198 1
7 152 1
7 178 1
7 124 1
7 214 1
8 166 1
8 232 1
8 94 1
8 189 1
8 70 1
8 81 1
8 224 1
8 5 1
8 175 1
8 135 1
9 203 1
9 31 1
9 46 1
9 237 1
9 92 1
9 187 1
9 142 1
10 208 1
10 156 1
10 159 1
10 53 1
10 33 1
10 123 1
10 231 1
10 246 1
10 170 1
11 13 1
11 62 1
11 225 1
11 215 1
11 195 1
11 22 1
11 126 1
12 138 1
12 67 1
12 49 1
12 43 1
12 93 1
12 199 1
12 167 1
12 75 1
12 195 1
12 54 1
12 91 1
13 26 1
13 214 1
13 86 1
13 135 1
13 217 1
14 113 1
14 255 1
14 75 1
14 141 1
14 127 1
15 240 1
15 124 1
15 7 1
15 207 1
15 236 1
15 120 1
15 223 1
15 196 1
16 161 1
16 128 1
16 138 1
16 112 1
16 78 1
16 72 1
16 47 1
16 197 1
17 245 1
17 253 1
17 23 1
17 195 1
17 67 1
17 147 1
17 119 1
17 150 1
17 151 1
18 82 1
18 31 1
18 226 1
18 99 1
18 69 1
18 161 1
18 65 1
18 140 1
18 2 1
18 235 1
18 152 1
19 111 1
19 85 1
19 14 1
19 228 1
19 216 1
19 257 1
20 208 1
20 177 1
20 89 1
20 193 1
20 73 1
20 104 1
20 246 1
21 140 1
21 56 1
21 123 1
21 60 1
21 205 1
21 17 1
21 129 1
21 133 1
22 220 1
22 129 1
22 102 1
22 48 1
22 202 1
22 258 1
23 138 1
23 122 1
23 234 1
23 218 1
23 206 1
23 119 1
23 203 1
24 251 1
24 109 1
24 34 1
24 259 1
24 14 1
24 143 1
24 125 1
24 79 1
25 88 1
25 106 1
25 184 1
25 199 1
25 117 1
25 8 1
26 111 1
26 234 1
26 187 1
26 188 1
26 228 1
26 156 1
26 9 1
26 22 1
26 105 1
27 56 1
27 88 1
27 151 1
27 159 1
28 11 1
28 225 1
28 222 1
28 137 1
28 148 1
28 235 1
28 9 1
29 133 1
29 258 1
29 11 1
29 167 1
29 52 1
29 125 1
30 152 1
30 89 1
30 160 1
30 227 1
30 127 1
30 161 1
30 148 1
30 84 1
31 126 1
31 235 1
31 76 1
31 42 1
31 96 1
31 153 1
31 201 1
31 35 1
32 126 1
32 226 1
32 75 1
32 15 1
32 162 1
33 20 1
33 22 1
33 117 1
33 163 1
33 196 1
33 190 1
33 251 1
33 132 1
34 226 1
34 54 1
34 163 1
34 220 1
34 107 1
34 228 1
34 37 1
34 203 1
34 82 1
34 162 1
34 62 1
34 70 1
35 38 1
35 136 1
35 95 1
35 137 1
36 39 1
36 38 1
36 101 1
36 118 1
36 214 1
36 133 1
36 97 1
36 94 1
36 217 1
36 245 1
36 166 1
37 5 1
37 131 1
37 123 1
37 248 1
37 141 1
37 98 1
37 77 1
37 154 1
37 0 1
37 234 1
37 230 1
37 213 1
37 255 1
38 256 1
38 82 1
38 87 1
38 159 1
38 12 1
38 44 1
38 200 1
39 114 1
39 88 1
39 78 1
39 21 1
39 161 1
39 67 1
39 91 1
39 146 1
40 23 1
40 28 1
40 37 1
40 36 1
40 241 1
40 237 1
40 233 1
40 253 1
40 29 1
40 65 1
41 227 1
41 87 1
41 82 1
41 106 1
41 109 1
41 175 1
41 177 1
42 8 1
42 17 1
42 117 1
42 220 1
42 16 1
42 14 1
43 63 1
43 114 1
43 127 1
43 133 1
43 92 1
43 83 1
44 112 1
44 1 1
44 62 1
45 48 1
45 153 1
45 218 1
45 226 1
45 68 1
45 92 1
45 172 1
45 255 1
46 173 1
46 130 1
46 240 1
46 171 1
46 4 1
46 169 1
46 179 1
46 98 1
46 124 1
46 239 1
46 235 1
46 20 1
47 205 1
47 208 1
47 105 1
47 63 1
47 132 1
47 182 1
47 219 1
47 226 1
48 249 1
48 130 1
48 41 1
48 69 1
48 255 1
49 69 1
49 19 1
49 131 1
49 177 1
49 153 1
50 160 1
50 136 1
50 204 1
50 66 1
50 127 1
50 208 1
50 89 1
50 26 1
51 95 1
51 47 1
51 256 1
51 117 1
51 235 1
51 127 1
51 170 1
51 112 1
51 152 1
51 213 1
51 104 1
51 106 1
51 29 1
52 162 1
52 222 1
52 153 1
52 190 1
52 57 1
52 198 1
52 217 1
52 10 1
52 21 1
53 191 1
53 228 1
53 49 1
53 202 1
53 196 1
53 137 1
54 183 1
54 49 1
54 100 1
54 256 1
54 2 1
54 27 1
54 45 1
54 217 1
54 119 1
54 184 1
55 129 1
55 23 1
55 12 1
55 13 1
55 206 1
55 79 1
55 1 1
55 132 1
55 125 1
55 110 1
55 99 1
56 204 1
56 98 1
56 112 1
56 173 1
56 156 1
56 29 1
56 33 1
57 180 1
57 91 1
57 50 1
57 196 1
57 115 1
57 85 1
57 51 1
57 156 1
57 70 1
57 197 1
57 166 1
58 234 1
58 88 1
58 18 1
58 256 1
58 122 1
58 104 1
58 191 1
58 225 1
58 9 1
59 105 1
59 155 1
59 245 1
59 20 1
59 220 1
59 184 1
59 216 1
59 164 1
60 253 1
60 151 1
60 65 1
60 24 1
60 114 1
60 55 1
60 162 1
60 46 1
60 136 1
60 164 1
61 170 1
61 220 1
61 103 1
61 94 1
61 146 1
61 229 1
62 76 1
62 108 1
62 56 1
62 118 1
62 212 1
63 161 1
63 223 1
63 192 1
63 8 1
64 105 1
64 249 1
64 16 1
64 76 1
64 7 1
64 256 1
64 60 1
64 101 1
65 202 1
65 150 1
65 201 1
65 31 1
65 173 1
65 34 1
65 112 1
65 17 1
65 118 1
65 68 1
65 248 1
66 133 1
66 105 1
66 186 1
66 5 1
66 70 1
66 119 1
66 55 1
67 92 1
67 170 1
67 122 1
67 29 1
67 34 1
68 32 1
68 86 1
68 27 1
68 162 1
68 130 1
68 170 1
68 13 1
68 234 1
68 39 1
69 53 1
69 109 1
69 36 1
69 154 1
69 9 1
69 160 1
69 122 1
69 100 1
69 132 1
70 64 1
70 225 1
70 86 1
70 227 1
70 99 1
70 10 1
70 143 1
70 204 1
70 221 1
71 204 1
71 146 1
71 240 1
71 163 1
71 169 1
71 193 1
71 28 1
71 201 1
71 258 1
72 83 1
72 199 1
72 136 1
72 0 1
72 74 1
72 251 1
72 25 1
72 53 1
73 28 1
73 192 1
73 107 1
73 128 1
73 240 1
73 96 1
73 253 1
73 172 1
74 29 1
74 196 1
74 15 1
74 121 1
74 112 1
74 4 1
74 242 1
74 87 1
74 169 1
75 102 1
75 9 1
75 66 1
75 91 1
75 177 1
75 89 1
75 105 1
75 201 1
75 255 1
75 256 1
76 72 1
76 197 1
76 211 1
76 61 1
76 103 1
76 134 1
76 59 1
76 155 1
77 236 1
77 30 1
77 132 1
77 147 1
77 50 1
77 27 1
77 243 1
78 54 1
78 180 1
78 33 1
78 124 1
79 38 1
79 195 1
79 234 1
79 67 1
79 46 1
79 80 1
79 252 1
79 216 1
79 249 1
79 157 1
80 24 1
80 102 1
80 252 1
80 69 1
80 227 1
80 74 1
81 137 1
81 250 1
81 148 1
81 113 1
81 23 1
81 82 1
81 12 1
81 152 1
81 183 1
82 59 1
82 166 1
82 40 1
82 75 1
82 43 1
82 220 1
82 110 1
82 2 1
82 153 1
82 93 1
83 129 1
83 66 1
83 148 1
83 43 1
83 223 1
84 166 1
84 259 1
84 227 1
84 129 1
84 9 1
84 205 1
84 37 1
84 252 1
84 22 1
84 92 1
84 239 1
84 249 1
85 81 1
85 123 1
85 131 1
85 234 1
85 220 1
86 257 1
86 139 1
86 182 1
86 28 1
86 196 1
86 258 1
86 121 1
86 200 1
86 74 1
86 83 1
87 19 1
87 141 1
87 101 1
87 225 1
87 0 1
88 247 1
88 48 1
88 221 1
88 17 1
88 165 1
88 34 1
88 68 1
88 259 1
88 12 1
88 193 1
89 123 1
89 203 1
89 42 1
89 51 1
89 4 1
89 115 1
89 102 1
89 124 1
89 179 1
89 90 1
90 92 1
90 162 1
90 79 1
90 75 1
90 155 1
90 197 1
90 53 1
90 256 1
90 56 1
90 231 1
90 169 1
91 153 1
91 175 1
91 120 1
91 231 1
91 233 1
91 254 1
91 26 1
91 201 1
92 230 1
92 14 1
92 228 1
92 176 1
92 112 1
92 232 1
92 125 1
92 98 1
93 234 1
93 258 1
93 243 1
93 164 1
93 26 1
93 111 1
94 210 1
94 111 1
94 61 1
94 31 1
94 202 1
94 227 1
94 86 1
94 0 1
94 224 1
95 137 1
95 119 1
95 146 1
95 131 1
96 122 1
96 36 1
96 11 1
96 75 1
96 31 1
96 82 1
96 258 1
97 224 1
97 258 1
97 9 1
97 204 1
97 251 1
98 259 1
98 161 1
98 84 1
98 89 1
98 216 1
98 196 1
99 208 1
99 221 1
99 92 1
99 82 1
99 81 1
99 69 1
99 235 1
99 236 1
100 245 1
100 206 1
101 208 1
101 106 1
101 42 1
101 15 1
101 100 1
101 25 1
101 201 1
101 230 1
102 177 1
102 167 1
102 125 1
102 82 1
102 37 1
102 199 1
102 182 1
103 4 1
103 27 1
103 138 1
103 234 1
103 30 1
103 151 1
103 229 1
104 133 1
104 38 1
104 150 1
104 153 1
104 27 1
104 168 1
104 151 1
104 248 1
104 191 1
104 204 1
105 221 1
105 88 1
105 27 1
105 100 1
105 186 1
105 244 1
106 157 1
106 10 1
106 204 1
106 67 1
106 182 1
106 242 1
106 64 1
106 63 1
106 68 1
106 31 1
106 215 1
106 108 1
107 50 1
107 226 1
107 243 1
107 77 1
107 147 1
107 142 1
107 219 1
107 19 1
107 225 1
107 54 1
108 24 1
108 240 1
108 168 1
108 182 1
108 174 1
108 221 1
108 170 1
108 218 1
109 137 1
109 74 1
109 17 1
109 228 1
109 3 1
110 251 1
110 247 1
110 232 1
110 215 1
110 114 1
110 71 1
110 53 1
110 134 1
111 142 1
111 85 1
111 112 1
111 99 1
111 239 1
111 130 1
111 141 1
111 32 1
111 138 1
111 75 1
111 208 1
111 137 1
111 68 1
111 67 1
111 3 1
112 10 1
112 24 1
112 102 1
112 156 1
112 148 1
112 246 1
112 149 1
112 134 1
113 68 1
113 131 1
113 5 1
113 56 1
113 172 1
113 205 1
114 70 1
114 3 1
114 49 1
115 122 1
115 102 1
115 152 1
115 160 1
115 177 1
115 40 1
115 224 1
115 204 1
116 200 1
116 111 1
116 163 1
116 43 1
116 232 1
117 13 1
117 72 1
117 30 1
117 75 1
117 45 1
117 193 1
117 37 1
117 244 1
117 57 1
118 112 1
118 200 1
118 120 1
118 27 1
118 22 1
118 41 1
118 192 1
118 1 1
118 102 1
119 248 1
119 58 1
119 93 1
119 218 1
119 232 1
119 183 1
119 170 1
119 42 1
119 100 1
120 217 1
120 182 1
120 46 1
120 45 1
120 206 1
121 170 1
121 108 1
121 122 1
121 59 1
122 71 1
122 183 1
122 162 1
122 184 1
122 28 1
122 123 1
123 173 1
123 48 1
123 105 1
123 194 1
123 36 1
123 121 1
123 192 1
123 181 1
123 42 1
123 209 1
123 50 1
123 248 1
124 251 1
124 202 1
124 19 1
124 157 1
124 58 1
124 214 1
124 22 1
124 247 1
124 199 1
124 220 1
124 33 1
125 15 1
125 173 1
125 106 1
125 67 1
125 240 1
125 142 1
125 137 1
126 184 1
126 203 1
126 153 1
126 119 1
126 96 1
126 97 1
127 193 1
127 137 1
127 216 1
127 35 1
127 167 1
127 111 1
127 226 1
127 79 1
127 67 1
127 6 1
127 117 1
127 210 1
128 110 1
128 90 1
128 166 1
128 73 1
128 138 1
128 76 1
128 168 1
128 31 1
129 66 1
129 32 1
129 79 1
129 115 1
129 216 1
129 156 1
129 4 1
129 2 1
130 16 1
130 66 1
130 129 1
130 29 1
130 158 1
130 234 1
130 237 1
131 115 1
131 224 1
131 0 1
131 75 1
131 66 1
131 245 1
131 79 1
131 17 1
131 153 1
131 178 1
132 141 1
132 166 1
132 171 1
133 124 1
133 188 1
133 192 1
133 126 1
133 154 1
134 235 1
134 32 1
134 199 1
134 131 1
134 140 1
134 31 1
134 3 1
135 210 1
135 223 1
135 10 1
135 129 1
135 5 1
135 170 1
136 49 1
136 186 1
136 42 1
136 251 1
136 64 1
136 151 1
136 68 1
136 97 1
136 211 1
136 139 1
136 57 1
136 13 1
136 214 1
136 179 1
136 122 1
137 56 1
137 97 1
137 33 1
137 159 1
137 242 1
137 4 1
137 166 1
137 7 1
138 126 1
138 207 1
138 151 1
138 26 1
138 135 1
139 180 1
139 186 1
139 234 1
139 245 1
140 4 1
140 63 1
140 6 1
141 219 1
141 171 1
141 180 1
141 237 1
141 182 1
141 136 1
142 101 1
142 98 1
142 91 1
142 212 1
142 33 1
142 23 1
142 61 1
142 72 1
142 242 1
143 45 1
143 245 1
143 73 1
143 94 1
143 190 1
143 58 1
143 156 1
144 9 1
144 134 1
144 79 1
144 243 1
144 16 1
144 63 1
144 154 1
144 255 1
144 176 1
144 125 1
145 255 1
145 6 1
145 71 1
145 155 1
145 40 1
146 177 1
146 143 1
146 173 1
146 250 1
146 65 1
146 118 1
146 70 1
146 33 1
147 211 1
147 215 1
147 252 1
147 71 1
147 225 1
147 54 1
148 11 1
148 3 1
148 18 1
148 223 1
148 59 1
149 120 1
149 227 1
149 246 1
149 248 1
149 108 1
150 129 1
150 254 1
150 157 1
150 131 1
150 71 1
150 61 1
150 240 1
150 252 1
150 5 1
151 258 1
151 146 1
151 47 1
152 81 1
152 138 1
152 218 1
152 200 1
152 61 1
152 119 1
152 89 1
153 2 1
153 107 1
153 112 1
153 117 1
153 149 1
154 17 1
154 161 1
154 112 1
154 201 1
154 202 1
154 150 1
154 86 1
154 243 1
154 139 1
154 211 1
155 125 1
155 106 1
155 162 1
155 21 1
155 58 1
155 243 1
155 240 1
156 54 1
156 204 1
156 193 1
156 165 1
156 231 1
156 92 1
156 70 1
156 36 1
156 91 1
157 201 1
157 228 1
157 181 1
157 20 1
157 197 1
157 90 1
158 205 1
158 39 1
158 155 1
158 18 1
158 68 1
158 29 1
158 78 1
158 191 1
158 63 1
159 197 1
159 152 1
159 128 1
159 223 1
159 44 1
159 134 1
159 257 1
159 117 1
159 153 1
159 93 1
159 22 1
159 20 1
160 213 1
160 203 1
160 90 1
160 159 1
160 102 1
160 3 1
160 157 1
161 51 1
161 81 1
161 202 1
161 245 1
161 49 1
161 204 1
161 209 1
162 20 1
162 233 1
162 221 1
162 57 1
162 45 1
162 224 1
162 90 1
162 157 1
162 244 1
163 180 1
163 226 1
163 74 1
163 161 1
163 207 1
163 35 1
164 143 1
164 31 1
164 244 1
164 112 1
164 55 1
165 0 1
165 248 1
165 87 1
165 125 1
165 134 1
166 256 1
166 167 1
166 200 1
166 173 1
166 179 1
166 141 1
166 78 1
166 36 1
166 229 1
166 22 1
166 218 1
167 95 1
167 208 1
167 206 1
167 87 1
167 105 1
167 182 1
167 83 1
167 150 1
167 97 1
167 137 1
168 113 1
168 125 1
168 61 1
168 19 1
168 132 1
169 173 1
169 72 1
169 63 1
169 122 1
170 9 1
170 108 1
170 257 1
170 185 1
170 178 1
171 189 1
171 76 1
171 9 1
171 132 1
171 226 1
171 252 1
172 248 1
172 73 1
172 124 1
172 88 1
172 42 1
172 2 1
172 45 1
173 219 1
173 174 1
173 87 1
173 151 1
173 212 1
173 168 1
173 152 1
173 21 1
173 95 1
173 41 1
173 190 1
174 58 1
174 137 1
174 225 1
174 62 1
174 119 1
174 60 1
174 163 1
174 41 1
174 160 1
174 197 1
175 140 1
175 173 1
175 22 1
175 131 1
175 128 1
175 182 1
176 148 1
176 248 1
176 29 1
176 223 1
176 145 1
176 28 1
176 205 1
176 150 1
176 92 1
177 0 1
177 24 1
177 71 1
177 39 1
177 144 1
177 254 1
177 115 1
177 221 1
177 102 1
178 251 1
178 69 1
178 88 1
178 60 1
178 136 1
178 218 1
178 89 1
179 113 1
179 39 1
179 149 1
179 226 1
179 238 1
180 240 1
180 48 1
180 132 1
180 192 1
180 203 1
180 56 1
180 42 1
180 73 1
180 158 1
180 129 1
181 74 1
181 112 1
181 94 1
181 16 1
181 102 1
181 47 1
181 15 1
182 132 1
182 138 1
182 118 1
182 187 1
182 100 1
182 98 1
182 142 1
182 21 1
182 159 1
182 176 1
182 66 1
183 41 1
184 100 1
184 33 1
184 233 1
184 0 1
184 25 1
184 185 1
184 170 1
184 189 1
184 127 1
184 250 1
185 15 1
185 259 1
185 141 1
185 56 1
185 34 1
185 216 1
185 227 1
185 241 1
186 102 1
186 149 1
186 11 1
186 243 1
186 251 1
186 87 1
186 48 1
187 191 1
187 96 1
187 228 1
187 167 1
187 219 1
187 5 1
187 87 1
187 17 1
188 81 1
188 249 1
188 17 1
188 259 1
188 189 1
188 237 1
188 167 1
188 92 1
188 128 1
188 47 1
188 19 1
189 206 1
189 209 1
189 256 1
189 73 1
189 41 1
189 191 1
189 25 1
190 84 1
190 178 1
190 204 1
190 146 1
190 168 1
190 105 1
190 129 1
190 185 1
191 212 1
191 72 1
191 160 1
191 175 1
191 77 1
192 183 1
192 11 1
192 31 1
192 45 1
192 42 1
192 14 1
192 150 1
192 148 1
192 152 1
192 259 1
193 11 1
193 247 1
193 227 1
194 75 1
194 91 1
194 153 1
194 147 1
194 36 1
194 48 1
195 110 1
195 221 1
195 104 1
195 199 1
195 83 1
195 49 1
195 1 1
195 234 1
195 53 1
195 197 1
196 66 1
196 84 1
196 104 1
196 147 1
196 142 1
196 14 1
196 247 1
196 165 1
196 99 1
196 67 1
196 227 1
196 252 1
197 108 1
197 76 1
197 107 1
197 194 1
197 114 1
197 9 1
197 134 1
198 160 1
198 220 1
198 226 1
198 126 1
198 113 1
198 54 1
198 14 1
198 185 1
199 221 1
199 157 1
199 168 1
199 166 1
199 63 1
199 139 1
199 121 1
199 226 1
199 251 1
199 160 1
199 180 1
200 100 1
200 30 1
200 210 1
200 148 1
200 197 1
201 189 1
201 68 1
201 78 1
201 64 1
201 133 1
201 217 1
202 164 1
202 199 1
202 47 1
202 227 1
202 212 1
202 244 1
202 29 1
202 99 1
202 66 1
202 205 1
203 138 1
203 164 1
203 182 1
203 145 1
203 6 1
203 4 1
203 20 1
203 192 1
203 74 1
203 42 1
203 56 1
203 254 1
204 32 1
204 119 1
204 81 1
204 61 1
204 139 1
204 215 1
204 72 1
204 103 1
204 218 1
204 5 1
204 50 1
204 235 1
204 128 1
205 37 1
205 88 1
205 57 1
205 64 1
205 204 1
205 2 1
206 212 1
206 238 1
206 144 1
206 182 1
207 176 1
207 172 1
207 60 1
207 114 1
207 9 1
207 182 1
207 157 1
208 194 1
208 108 1
208 230 1
208 204 1
208 219 1
209 156 1
209 176 1
209 175 1
209 71 1
209 41 1
209 155 1
209 154 1
209 190 1
209 252 1
210 209 1
210 140 1
210 223 1
210 85 1
210 71 1
210 18 1
210 150 1
211 58 1
211 172 1
211 102 1
211 42 1
211 203 1
211 177 1
211 237 1
211 77 1
211 230 1
211 114 1
211 74 1
211 162 1
212 200 1
212 6 1
212 67 1
212 181 1
212 55 1
212 89 1
212 84 1
212 145 1
212 194 1
212 32 1
213 70 1
213 83 1
213 110 1
213 47 1
213 202 1
213 200 1
213 104 1
213 161 1
214 60 1
214 15 1
214 249 1
214 137 1
214 124 1
214 193 1
214 228 1
214 66 1
215 96 1
215 62 1
215 205 1
215 184 1
215 99 1
215 236 1
215 129 1
215 224 1
215 122 1
215 68 1
215 114 1
216 35 1
216 167 1
216 177 1
216 135 1
216 207 1
216 204 1
216 78 1
216 34 1
217 125 1
217 20 1
217 18 1
217 46 1
217 94 1
217 109 1
217 8 1
217 23 1
218 28 1
218 111 1
218 120 1
218 173 1
218 207 1
218 14 1
218 184 1
218 210 1
218 187 1
218 241 1
218 113 1
218 16 1
219 31 1
219 22 1
219 188 1
219 203 1
219 124 1
219 146 1
219 127 1
220 128 1
220 243 1
220 79 1
220 216 1
220 27 1
220 172 1
220 205 1
220 143 1
221 10 1
221 46 1
221 171 1
221 216 1
221 192 1
222 140 1
222 2 1
222 102 1
222 37 1
222 251 1
222 13 1
223 175 1
223 141 1
223 34 1
223 102 1
223 136 1
223 114 1
223 170 1
223 154 1
223 225 1
223 116 1
224 55 1
224 243 1
224 121 1
224 112 1
224 233 1
224 188 1
225 100 1
225 21 1
225 14 1
225 57 1
225 111 1
225 5 1
225 67 1
225 1 1
225 207 1
225 81 1
226 230 1
226 96 1
226 102 1
226 23 1
226 66 1
226 124 1
226 172 1
226 186 1
226 142 1
227 254 1
227 200 1
227 33 1
228 136 1
228 171 1
228 154 1
228 167 1
228 252 1
229 15 1
229 46 1
229 222 1
229 177 1
229 93 1
229 108 1
229 11 1
230 114 1
230 200 1
230 101 1
230 193 1
230 76 1
230 84 1
230 226 1
230 44 1
230 258 1
231 132 1
231 143 1
231 154 1
231 18 1
231 171 1
231 97 1
231 126 1
231 73 1
231 217 1
231 21 1
232 164 1
232 5 1
232 186 1
232 195 1
232 77 1
232 135 1
232 42 1
232 175 1
232 64 1
232 246 1
232 0 1
233 59 1
233 186 1
233 225 1
233 19 1
233 221 1
233 181 1
233 112 1
234 14 1
234 3 1
234 100 1
234 77 1
234 159 1
234 54 1
234 19 1
234 70 1
234 68 1
234 42 1
235 137 1
235 229 1
235 207 1
235 38 1
235 232 1
236 199 1
236 155 1
236 27 1
236 166 1
236 242 1
236 208 1
237 174 1
237 139 1
237 11 1
237 234 1
237 43 1
237 113 1
238 169 1
238 191 1
238 107 1
238 41 1
238 71 1
239 25 1
239 142 1
239 12 1
239 77 1
239 65 1
239 247 1
239 18 1
239 91 1
240 22 1
240 256 1
240 166 1
240 221 1
240 143 1
240 186 1
240 219 1
240 225 1
240 19 1
241 194 1
241 19 1
241 189 1
241 84 1
241 13 1
241 52 1
241 85 1
241 163 1
241 128 1
241 33 1
241 191 1
241 254 1
242 58 1
242 64 1
242 125 1
242 193 1
243 214 1
243 88 1
243 257 1
243 128 1
243 131 1
243 100 1
244 8 1
244 4 1
244 258 1
244 0 1
244 172 1
244 89 1
244 144 1
244 102 1
244 128 1
244 206 1
244 234 1
244 24 1
245 107 1
245 24 1
245 66 1
245 84 1
245 141 1
245 83 1
245 80 1
245 114 1
246 53 1
246 172 1
246 118 1
246 62 1
246 83 1
247 183 1
247 46 1
247 78 1
247 32 1
248 182 1
248 12 1
248 86 1
248 185 1
248 99 1
248 259 1
248 201 1
249 39 1
249 31 1
249 32 1
249 76 1
249 239 1
249 165 1
249 41 1
249 78 1
249 44 1
250 109 1
250 175 1
250 199 1
250 179 1
250 17 1
250 88 1
250 234 1
250 1 1
251 59 1
251 119 1
251 162 1
251 117 1
251 249 1
252 53 1
252 240 1
252 57 1
252 126 1
252 245 1
252 50 1
252 188 1
252 106 1
252 31 1
252 184 1
252 7 1
252 29 1
252 248 1
252 242 1
253 119 1
253 245 1
253 201 1
253 142 1
253 144 1
253 248 1
253 255 1
253 67 1
253 223 1
254 56 1
254 250 1
254 183 1
254 153 1
254 199 1
255 188 1
255 124 1
255 19 1
255 30 1
255 109 1
255 67 1
255 196 1
255 242 1
256 213 1
256 244 1
256 11 1
256 227 1
256 229 1
256 134 1
257 147 1
257 97 1
257 191 1
257 180 1
257 238 1
258 225 1
258 16 1
258 170 1
259 97 1
259 218 1
259 130 1
259 227 1
259 62 1
259 241 1
259 158 1
259 257 1
259 71 1
259 120 1
259 253 1
259 224 1
259 217 1
