# Nodes: 520 Edges: 5000
0 224 1
0 446 1
0 138 1
0 51 1
0 262 1
0 297 1
0 450 1
0 489 1
0 452 1
1 30 1
1 310 1
1 132 1
1 210 1
1 448 1
1 470 1
1 394 1
2 390 1
2 183 1
2 515 1
2 493 1
2 341 1
2 371 1
2 133 1
2 438 1
3 398 1
3 91 1
3 63 1
3 320 1
3 355 1
3 137 1
3 488 1
3 368 1
4 392 1
4 492 1
4 465 1
4 477 1
4 100 1
4 58 1
4 72 1
4 230 1
4 314 1
5 491 1
5 228 1
5 152 1
5 449 1
5 415 1
5 271 1
6 488 1
6 192 1
6 219 1
6 509 1
6 72 1
7 97 1
7 477 1
7 446 1
7 308 1
7 201 1
8 355 1
8 261 1
8 230 1
8 130 1
8 432 1
8 258 1
8 225 1
8 467 1
8 189 1
8 486 1
8 507 1
9 135 1
9 235 1
9 35 1
9 122 1
9 258 1
9 420 1
9 377 1
9 87 1
9 226 1
9 130 1
9 383 1
9 492 1
9 66 1
9 413 1
10 302 1
10 297 1
10 323 1
10 57 1
10 314 1
10 405 1
10 289 1
10 107 1
11 117 1
11 469 1
11 67 1
11 41 1
11 81 1
11 207 1
12 204 1
12 14 1
12 385 1
12 467 1
12 394 1
12 452 1
12 243 1
12 275 1
12 328 1
12 287 1
12 339 1
12 197 1
12 424 1
12 519 1
12 182 1
12 75 1
12 486 1
12 95 1
13 303 1
13 152 1
13 400 1
13 164 1
13 104 1
13 125 1
13 353 1
13 55 1
13 440 1
13 21 1
14 287 1
14 500 1
14 396 1
14 452 1
14 299 1
14 188 1
14 293 1
14 222 1
14 230 1
14 178 1
15 305 1
15 356 1
15 248 1
15 428 1
15 473 1
15 233 1
15 269 1
15 180 1
15 251 1
16 464 1
16 189 1
16 140 1
16 163 1
16 350 1
16 29 1
16 384 1
16 435 1
16 362 1
17 333 1
17 379 1
17 449 1
17 11 1
17 271 1
17 414 1
17 479 1
17 25 1
17 232 1
17 13 1
17 200 1
17 429 1
17 184 1
17 331 1
18 406 1
18 92 1
18 8 1
18 1 1
18 223 1
19 63 1
19 475 1
19 184 1
19 374 1
19 285 1
19 5 1
19 182 1
19 34 1
19 371 1
20 312 1
20 341 1
20 276 1
20 203 1
20 134 1
20 465 1
21 416 1
21 319 1
21 107 1
21 67 1
21 246 1
21 462 1
21 492 1
21 516 1
21 84 1
21 4 1
21 94 1
21 254 1
21 464 1
21 87 1
21 151 1
22 26 1
22 390 1
22 44 1
22 179 1
22 144 1
22 463 1
22 189 1
22 233 1
23 124 1
23 451 1
23 430 1
23 253 1
23 242 1
23 363 1
23 257 1
23 387 1
23 394 1
23 191 1
23 398 1
23 180 1
23 101 1
23 306 1
23 59 1
24 134 1
24 187 1
24 398 1
24 334 1
24 151 1
24 390 1
24 504 1
24 337 1
24 260 1
24 276 1
25 276 1
25 99 1
25 86 1
25 108 1
25 182 1
25 35 1
25 19 1
25 190 1
25 264 1
26 52 1
26 429 1
26 172 1
26 91 1
26 148 1
26 513 1
26 364 1
26 131 1
26 59 1
26 95 1
26 508 1
27 271 1
27 435 1
27 512 1
27 499 1
27 516 1
27 253 1
27 100 1
27 49 1
27 392 1
27 183 1
28 511 1
28 255 1
28 192 1
28 439 1
28 267 1
29 227 1
29 151 1
29 283 1
29 291 1
29 83 1
29 457 1
29 319 1
29 515 1
30 480 1
30 415 1
30 472 1
30 76 1
30 241 1
30 87 1
30 324 1
30 375 1
30 386 1
30 154 1
30 442 1
31 248 1
31 15 1
31 446 1
31 393 1
31 436 1
31 463 1
31 139 1
31 320 1
31 92 1
31 374 1
32 323 1
32 144 1
32 94 1
32 395 1
32 240 1
32 301 1
32 416 1
32 253 1
32 353 1
33 257 1
33 277 1
33 224 1
33 157 1
33 172 1
33 133 1
33 267 1
33 55 1
33 448 1
34 295 1
34 238 1
34 300 1
34 178 1
34 519 1
35 491 1
35 506 1
35 47 1
35 391 1
35 134 1
35 302 1
35 102 1
35 355 1
35 284 1
35 160 1
35 52 1
35 393 1
35 43 1
35 149 1
36 164 1
36 62 1
36 452 1
36 138 1
36 131 1
36 280 1
36 4 1
36 304 1
36 214 1
36 394 1
36 97 1
36 248 1
37 198 1
37 322 1
37 470 1
37 362 1
37 30 1
37 347 1
37 60 1
37 212 1
37 203 1
37 129 1
37 307 1
37 6 1
37 440 1
38 222 1
38 171 1
38 29 1
38 515 1
38 57 1
38 188 1
38 483 1
38 3 1
38 201 1
38 412 1
38 298 1
38 463 1
38 7 1
39 456 1
39 432 1
39 277 1
39 4 1
39 468 1
39 329 1
39 86 1
39 272 1
39 390 1
40 416 1
40 355 1
40 208 1
40 197 1
40 320 1
40 212 1
40 19 1
40 201 1
40 109 1
40 410 1
41 178 1
41 386 1
41 146 1
41 493 1
41 125 1
41 217 1
41 349 1
41 293 1
41 137 1
41 54 1
41 359 1
42 410 1
42 455 1
42 513 1
43 280 1
43 113 1
43 246 1
43 120 1
43 35 1
43 259 1
43 267 1
43 437 1
43 428 1
43 517 1
43 37 1
43 104 1
43 317 1
43 463 1
44 258 1
44 204 1
44 96 1
44 470 1
44 2 1
44 10 1
44 243 1
44 381 1
44 129 1
45 440 1
45 404 1
45 159 1
45 50 1
45 89 1
45 322 1
45 290 1
45 341 1
45 37 1
45 443 1
46 277 1
46 244 1
46 468 1
46 437 1
46 412 1
46 148 1
46 398 1
46 301 1
46 376 1
46 389 1
46 353 1
46 155 1
47 238 1
47 406 1
47 39 1
47 23 1
47 215 1
47 357 1
47 98 1
48 219 1
48 518 1
48 29 1
48 287 1
48 129 1
48 296 1
48 200 1
48 45 1
48 357 1
48 496 1
48 184 1
49 503 1
49 69 1
49 251 1
49 158 1
49 157 1
49 141 1
49 220 1
49 348 1
49 198 1
49 175 1
49 495 1
49 146 1
50 213 1
50 368 1
50 466 1
50 220 1
50 63 1
50 265 1
50 120 1
51 176 1
51 398 1
51 234 1
51 17 1
51 159 1
51 124 1
51 462 1
51 219 1
52 223 1
52 377 1
52 457 1
52 312 1
52 19 1
52 200 1
52 391 1
52 82 1
53 469 1
53 375 1
53 44 1
53 457 1
53 210 1
53 456 1
53 297 1
53 358 1
53 362 1
53 224 1
53 488 1
53 211 1
53 277 1
53 36 1
53 152 1
54 302 1
54 425 1
54 421 1
54 307 1
54 167 1
54 217 1
54 192 1
54 96 1
54 45 1
54 410 1
54 253 1
54 511 1
54 104 1
54 66 1
54 485 1
54 227 1
54 373 1
55 113 1
55 176 1
55 319 1
55 182 1
55 438 1
55 98 1
55 457 1
56 23 1
56 275 1
56 18 1
56 94 1
56 510 1
56 125 1
56 496 1
56 223 1
56 419 1
56 208 1
56 493 1
57 450 1
57 445 1
57 297 1
57 470 1
57 1 1
57 127 1
57 426 1
57 463 1
57 76 1
58 22 1
58 335 1
58 114 1
58 373 1
58 86 1
58 100 1
58 152 1
58 251 1
59 267 1
59 516 1
59 58 1
59 335 1
59 414 1
59 284 1
59 109 1
60 305 1
60 321 1
60 454 1
60 255 1
60 322 1
60 331 1
60 220 1
60 508 1
60 184 1
60 3 1
60 319 1
61 179 1
61 296 1
61 168 1
61 44 1
61 124 1
61 37 1
61 154 1
62 471 1
62 152 1
62 193 1
62 307 1
62 70 1
62 489 1
62 392 1
62 363 1
62 131 1
62 437 1
63 252 1
63 84 1
63 402 1
63 126 1
63 85 1
63 97 1
63 273 1
64 252 1
64 453 1
64 151 1
64 31 1
64 225 1
64 157 1
64 6 1
64 34 1
64 377 1
64 269 1
64 128 1
64 479 1
64 469 1
64 46 1
64 262 1
64 347 1
65 324 1
65 319 1
65 467 1
65 267 1
65 381 1
66 41 1
66 44 1
66 235 1
66 392 1
66 381 1
66 11 1
66 183 1
66 271 1
66 20 1
66 450 1
66 141 1
67 327 1
67 502 1
67 265 1
67 457 1
67 289 1
67 26 1
67 458 1
67 151 1
67 21 1
67 74 1
68 453 1
68 441 1
68 215 1
68 457 1
68 141 1
68 25 1
69 108 1
69 326 1
69 74 1
69 406 1
69 164 1
69 325 1
69 125 1
69 13 1
69 309 1
69 404 1
69 514 1
69 479 1
69 503 1
69 183 1
69 26 1
70 76 1
70 191 1
70 274 1
70 402 1
70 268 1
70 296 1
70 196 1
70 154 1
70 197 1
70 469 1
70 331 1
70 260 1
71 273 1
71 217 1
71 455 1
71 482 1
71 492 1
71 486 1
71 236 1
71 358 1
72 78 1
72 76 1
72 203 1
72 236 1
72 194 1
72 434 1
72 491 1
72 333 1
72 192 1
72 300 1
72 456 1
72 271 1
72 43 1
72 309 1
72 494 1
72 154 1
73 429 1
73 266 1
73 188 1
73 39 1
73 103 1
74 262 1
74 197 1
74 155 1
74 75 1
74 461 1
74 115 1
74 105 1
74 126 1
74 316 1
74 145 1
74 370 1
75 10 1
75 247 1
75 496 1
75 283 1
75 308 1
75 468 1
75 426 1
75 510 1
75 190 1
75 348 1
75 382 1
76 512 1
76 174 1
76 401 1
76 380 1
76 476 1
76 77 1
76 439 1
76 221 1
76 404 1
76 346 1
77 164 1
77 318 1
77 24 1
77 460 1
77 473 1
77 83 1
77 38 1
78 229 1
78 177 1
78 43 1
78 323 1
78 183 1
78 124 1
78 219 1
78 319 1
78 244 1
78 225 1
78 261 1
78 115 1
79 156 1
79 134 1
79 292 1
79 441 1
79 271 1
79 411 1
79 222 1
79 136 1
79 473 1
79 352 1
79 468 1
80 47 1
80 57 1
80 74 1
80 72 1
80 483 1
80 59 1
80 213 1
80 423 1
80 489 1
80 20 1
81 474 1
81 467 1
81 507 1
81 130 1
81 40 1
81 325 1
81 74 1
82 174 1
82 164 1
82 219 1
82 355 1
82 264 1
82 493 1
82 181 1
82 513 1
82 131 1
82 210 1
83 455 1
83 213 1
83 351 1
83 519 1
83 175 1
83 464 1
83 340 1
83 102 1
83 421 1
83 487 1
84 234 1
84 441 1
84 29 1
84 357 1
84 77 1
85 17 1
85 34 1
85 32 1
85 474 1
85 58 1
85 33 1
85 376 1
85 313 1
85 393 1
85 142 1
85 152 1
86 229 1
86 255 1
86 267 1
86 410 1
86 135 1
86 280 1
87 126 1
87 184 1
87 166 1
87 303 1
87 483 1
87 3 1
87 477 1
88 124 1
88 353 1
88 105 1
89 225 1
89 3 1
89 52 1
89 114 1
89 221 1
89 510 1
89 448 1
89 321 1
89 373 1
89 366 1
90 306 1
90 452 1
90 184 1
90 467 1
90 495 1
91 96 1
91 436 1
91 136 1
91 344 1
91 511 1
91 150 1
91 215 1
92 347 1
92 261 1
92 481 1
92 338 1
92 197 1
92 249 1
92 479 1
92 444 1
92 380 1
92 70 1
93 480 1
93 343 1
93 8 1
93 358 1
93 470 1
93 41 1
93 11 1
93 416 1
93 4 1
93 391 1
94 210 1
94 439 1
94 16 1
95 411 1
95 417 1
95 126 1
95 264 1
95 365 1
95 452 1
95 415 1
95 309 1
95 255 1
96 499 1
96 261 1
96 259 1
96 318 1
96 58 1
96 130 1
96 344 1
96 463 1
96 48 1
96 307 1
96 375 1
96 491 1
97 82 1
97 139 1
97 511 1
97 269 1
97 321 1
97 415 1
97 296 1
98 38 1
98 355 1
98 16 1
98 111 1
98 245 1
98 145 1
99 138 1
99 262 1
99 307 1
99 93 1
99 46 1
99 60 1
100 132 1
100 254 1
100 181 1
100 52 1
100 355 1
100 16 1
100 481 1
100 381 1
100 205 1
100 164 1
100 348 1
101 320 1
101 272 1
101 408 1
101 416 1
101 178 1
101 234 1
101 259 1
101 368 1
101 328 1
101 37 1
101 466 1
101 140 1
101 171 1
101 451 1
101 342 1
101 417 1
101 452 1
102 190 1
102 191 1
102 254 1
102 224 1
102 304 1
102 213 1
102 58 1
102 434 1
102 453 1
102 325 1
102 330 1
102 488 1
102 404 1
103 94 1
103 513 1
103 234 1
103 470 1
103 340 1
103 426 1
103 208 1
103 358 1
103 148 1
103 313 1
103 111 1
104 325 1
104 397 1
104 42 1
104 132 1
104 344 1
104 148 1
104 125 1
104 54 1
104 23 1
104 320 1
104 360 1
104 414 1
104 180 1
104 108 1
105 445 1
105 307 1
105 381 1
105 115 1
105 435 1
105 20 1
105 98 1
105 233 1
106 382 1
106 98 1
106 392 1
106 275 1
106 373 1
106 184 1
106 365 1
106 212 1
106 401 1
107 456 1
107 404 1
107 201 1
107 351 1
107 301 1
107 239 1
107 502 1
107 411 1
107 36 1
107 479 1
108 366 1
108 200 1
108 4 1
108 55 1
108 90 1
108 434 1
108 475 1
108 358 1
108 194 1
108 264 1
108 255 1
109 99 1
109 513 1
109 239 1
109 384 1
109 427 1
109 173 1
110 46 1
110 24 1
110 413 1
110 159 1
110 3 1
110 198 1
110 498 1
110 392 1
110 263 1
110 156 1
111 259 1
111 26 1
111 264 1
111 251 1
111 221 1
111 473 1
111 432 1
111 256 1
111 43 1
111 393 1
111 239 1
111 253 1
111 118 1
112 409 1
112 196 1
112 268 1
112 472 1
112 467 1
112 230 1
112 339 1
113 197 1
113 224 1
113 346 1
113 312 1
113 58 1
113 66 1
113 49 1
113 29 1
113 382 1
113 171 1
113 207 1
113 195 1
114 360 1
114 183 1
114 100 1
114 171 1
114 313 1
114 395 1
114 500 1
114 289 1
114 280 1
114 92 1
114 237 1
114 480 1
114 432 1
114 400 1
114 312 1
115 393 1
115 231 1
115 103 1
115 141 1
115 332 1
115 102 1
115 28 1
115 330 1
115 349 1
115 334 1
115 62 1
116 176 1
116 37 1
116 245 1
116 382 1
116 125 1
116 199 1
116 447 1
116 214 1
116 218 1
117 468 1
117 513 1
117 209 1
117 450 1
117 18 1
117 194 1
117 71 1
117 116 1
117 46 1
117 1 1
117 284 1
117 111 1
118 211 1
118 490 1
118 441 1
118 368 1
118 86 1
118 312 1
118 130 1
118 216 1
118 231 1
118 45 1
118 188 1
119 311 1
119 41 1
119 329 1
119 397 1
119 498 1
119 141 1
119 86 1
119 114 1
119 156 1
119 398 1
120 507 1
120 302 1
120 228 1
120 111 1
120 209 1
120 46 1
120 53 1
120 128 1
121 130 1
121 49 1
121 325 1
121 93 1
121 273 1
121 495 1
121 508 1
121 459 1
121 311 1
121 312 1
122 441 1
122 458 1
122 386 1
122 155 1
123 340 1
123 206 1
123 189 1
123 293 1
123 319 1
123 9 1
123 101 1
124 152 1
124 217 1
124 113 1
124 425 1
124 486 1
124 221 1
124 352 1
124 47 1
124 257 1
124 228 1
124 137 1
124 162 1
125 236 1
125 419 1
125 352 1
126 322 1
126 385 1
126 305 1
126 517 1
126 177 1
126 113 1
127 447 1
127 16 1
127 142 1
127 253 1
127 183 1
127 48 1
127 480 1
127 279 1
127 292 1
127 30 1
128 14 1
128 513 1
128 202 1
128 318 1
128 442 1
128 503 1
128 491 1
128 430 1
129 211 1
129 499 1
129 33 1
129 153 1
129 120 1
129 19 1
129 329 1
129 512 1
129 350 1
129 388 1
129 379 1
130 62 1
130 346 1
130 68 1
130 225 1
130 34 1
130 328 1
130 107 1
130 481 1
131 404 1
131 301 1
131 403 1
131 236 1
131 136 1
131 497 1
131 169 1
131 407 1
131 290 1
131 378 1
131 347 1
131 444 1
131 107 1
131 0 1
131 128 1
132 211 1
132 372 1
132 10 1
132 140 1
132 238 1
132 249 1
132 205 1
132 350 1
133 266 1
133 110 1
133 26 1
133 167 1
133 311 1
133 5 1
133 151 1
134 184 1
134 257 1
134 58 1
134 476 1
134 518 1
134 295 1
134 292 1
134 484 1
134 398 1
135 341 1
135 244 1
135 69 1
135 63 1
135 236 1
135 415 1
135 517 1
135 445 1
135 204 1
135 499 1
135 307 1
135 487 1
136 173 1
136 55 1
136 325 1
136 468 1
136 79 1
136 38 1
136 87 1
136 131 1
136 412 1
136 332 1
136 50 1
136 172 1
137 64 1
137 260 1
137 341 1
137 27 1
137 107 1
137 190 1
137 333 1
137 211 1
138 106 1
138 218 1
138 308 1
138 18 1
138 265 1
138 97 1
138 345 1
138 449 1
138 148 1
138 180 1
138 112 1
139 73 1
139 321 1
139 245 1
139 201 1
139 188 1
139 71 1
139 220 1
139 411 1
139 177 1
139 196 1
140 454 1
140 198 1
140 21 1
140 351 1
140 226 1
140 404 1
140 129 1
141 128 1
141 451 1
141 173 1
141 286 1
141 409 1
141 443 1
141 98 1
141 183 1
141 342 1
142 408 1
142 292 1
142 481 1
142 338 1
142 403 1
142 242 1
142 438 1
142 40 1
142 157 1
142 98 1
142 340 1
143 327 1
143 387 1
143 56 1
143 516 1
143 305 1
143 13 1
143 326 1
143 477 1
143 480 1
144 166 1
144 399 1
144 149 1
144 503 1
144 50 1
144 231 1
144 211 1
144 5 1
144 6 1
144 107 1
145 272 1
145 0 1
145 107 1
145 349 1
145 229 1
145 379 1
146 214 1
146 192 1
146 344 1
146 288 1
146 54 1
146 448 1
146 400 1
147 57 1
147 384 1
147 257 1
147 480 1
147 506 1
147 236 1
147 324 1
147 223 1
148 58 1
148 393 1
148 243 1
148 224 1
148 8 1
148 485 1
148 174 1
148 338 1
148 438 1
148 327 1
148 181 1
148 319 1
149 31 1
149 210 1
149 388 1
149 363 1
149 381 1
149 468 1
149 193 1
149 225 1
149 481 1
150 355 1
150 402 1
150 511 1
150 512 1
150 499 1
150 8 1
150 123 1
150 462 1
150 157 1
150 142 1
151 205 1
151 18 1
151 133 1
151 183 1
151 178 1
151 210 1
151 377 1
151 27 1
151 6 1
151 413 1
152 395 1
152 423 1
152 269 1
152 0 1
152 240 1
152 371 1
152 426 1
153 144 1
153 123 1
153 207 1
153 119 1
153 311 1
153 74 1
153 323 1
153 516 1
153 171 1
153 200 1
154 60 1
154 295 1
154 101 1
154 54 1
154 15 1
154 231 1
154 24 1
154 125 1
154 397 1
155 473 1
155 265 1
155 486 1
155 227 1
155 351 1
155 445 1
156 66 1
156 399 1
156 0 1
156 397 1
156 54 1
156 350 1
156 159 1
157 108 1
157 361 1
157 249 1
157 125 1
157 0 1
157 222 1
158 390 1
158 135 1
158 160 1
158 505 1
158 433 1
158 498 1
158 314 1
158 236 1
158 140 1
158 95 1
158 22 1
158 417 1
158 6 1
159 76 1
159 390 1
159 468 1
159 92 1
159 492 1
159 488 1
159 506 1
160 204 1
160 283 1
160 149 1
160 362 1
160 366 1
160 258 1
160 487 1
160 510 1
160 442 1
160 124 1
161 49 1
161 505 1
161 139 1
161 454 1
161 504 1
161 50 1
161 240 1
161 174 1
161 344 1
161 196 1
161 126 1
162 227 1
162 164 1
162 419 1
162 304 1
162 366 1
162 157 1
162 284 1
163 275 1
163 501 1
163 296 1
163 46 1
163 24 1
163 320 1
163 214 1
163 239 1
163 340 1
163 83 1
163 513 1
163 426 1
163 93 1
163 281 1
164 332 1
164 81 1
164 150 1
164 327 1
164 320 1
164 162 1
164 226 1
164 424 1
164 483 1
164 277 1
165 118 1
165 86 1
165 440 1
165 220 1
165 5 1
165 307 1
165 186 1
165 451 1
165 120 1
165 465 1
165 215 1
165 297 1
166 258 1
166 132 1
166 297 1
166 422 1
166 95 1
166 309 1
166 328 1
167 86 1
167 447 1
167 489 1
167 518 1
168 333 1
168 519 1
168 259 1
168 18 1
168 410 1
168 75 1
168 504 1
168 44 1
168 291 1
168 199 1
168 454 1
168 253 1
168 330 1
169 454 1
169 185 1
169 479 1
169 499 1
169 308 1
169 40 1
169 151 1
169 503 1
169 243 1
169 83 1
169 147 1
170 152 1
170 63 1
170 71 1
170 495 1
170 116 1
170 0 1
170 482 1
171 163 1
171 247 1
171 263 1
171 469 1
171 440 1
171 459 1
171 142 1
171 134 1
171 398 1
171 317 1
172 514 1
172 279 1
172 365 1
172 392 1
172 517 1
172 242 1
172 401 1
172 137 1
172 108 1
172 232 1
172 450 1
172 51 1
172 155 1
173 56 1
173 148 1
173 167 1
173 184 1
173 358 1
173 134 1
173 183 1
173 215 1
173 95 1
173 505 1
174 417 1
174 178 1
174 455 1
174 298 1
174 0 1
174 155 1
174 145 1
174 449 1
174 149 1
174 321 1
174 404 1
174 271 1
174 307 1
174 17 1
175 38 1
175 283 1
175 202 1
175 450 1
175 1 1
175 414 1
175 338 1
175 431 1
175 169 1
175 112 1
175 492 1
176 495 1
176 97 1
176 330 1
176 69 1
176 25 1
176 244 1
176 267 1
176 143 1
176 338 1
176 1 1
176 411 1
176 489 1
177 442 1
177 35 1
177 136 1
177 518 1
177 387 1
177 370 1
177 504 1
177 187 1
177 254 1
177 121 1
177 258 1
177 72 1
178 406 1
178 102 1
178 231 1
178 205 1
178 416 1
178 433 1
178 368 1
178 49 1
178 180 1
178 210 1
178 218 1
178 48 1
178 287 1
179 246 1
179 85 1
179 8 1
179 249 1
179 359 1
179 181 1
179 213 1
179 227 1
179 244 1
179 131 1
179 268 1
179 434 1
179 312 1
179 175 1
179 357 1
180 159 1
180 311 1
180 395 1
180 106 1
180 112 1
180 338 1
180 366 1
180 122 1
180 199 1
180 297 1
180 496 1
180 131 1
180 420 1
180 490 1
180 225 1
180 230 1
181 185 1
181 324 1
181 151 1
181 512 1
181 427 1
181 170 1
181 179 1
181 165 1
181 452 1
181 379 1
182 306 1
182 462 1
182 467 1
182 509 1
182 85 1
182 89 1
182 180 1
182 320 1
182 103 1
182 117 1
182 109 1
182 469 1
182 307 1
182 398 1
182 246 1
183 350 1
183 241 1
183 53 1
183 402 1
183 356 1
183 293 1
183 510 1
183 488 1
183 491 1
184 28 1
184 456 1
184 191 1
184 496 1
184 21 1
184 153 1
184 436 1
184 79 1
185 461 1
185 352 1
185 224 1
185 465 1
185 250 1
185 360 1
185 391 1
185 503 1
185 331 1
185 487 1
185 275 1
185 105 1
186 486 1
186 328 1
186 61 1
186 219 1
186 93 1
186 177 1
186 398 1
186 513 1
186 161 1
186 432 1
186 336 1
186 185 1
186 79 1
187 469 1
187 516 1
187 53 1
187 223 1
187 367 1
187 70 1
187 370 1
187 244 1
187 316 1
187 3 1
187 2 1
187 444 1
187 283 1
187 199 1
188 455 1
188 172 1
188 448 1
188 92 1
188 508 1
188 216 1
188 259 1
188 372 1
188 134 1
189 420 1
189 223 1
189 122 1
189 63 1
189 404 1
189 0 1
189 36 1
189 14 1
189 33 1
189 5 1
189 205 1
189 317 1
190 275 1
190 219 1
190 237 1
190 90 1
190 405 1
190 134 1
191 238 1
191 292 1
191 263 1
191 376 1
191 186 1
192 245 1
192 165 1
192 44 1
192 361 1
192 399 1
192 177 1
192 35 1
192 3 1
192 34 1
192 43 1
193 73 1
193 22 1
193 150 1
193 62 1
193 516 1
193 61 1
193 6 1
194 449 1
194 516 1
194 19 1
194 56 1
194 405 1
194 60 1
194 120 1
194 267 1
195 408 1
195 120 1
195 459 1
195 20 1
195 187 1
196 519 1
196 322 1
196 433 1
196 392 1
196 96 1
196 115 1
196 102 1
196 439 1
196 149 1
196 132 1
196 297 1
196 110 1
196 85 1
196 95 1
196 256 1
197 169 1
197 179 1
197 203 1
197 16 1
197 172 1
197 257 1
198 442 1
198 162 1
198 471 1
198 472 1
198 393 1
198 213 1
198 108 1
199 417 1
199 185 1
199 165 1
199 138 1
199 82 1
199 404 1
199 486 1
199 356 1
199 242 1
199 113 1
200 37 1
200 490 1
200 353 1
201 490 1
201 413 1
201 240 1
201 68 1
201 156 1
201 328 1
201 215 1
201 171 1
201 375 1
201 363 1
202 84 1
202 460 1
202 187 1
202 106 1
202 132 1
202 326 1
203 417 1
203 213 1
203 31 1
203 201 1
203 51 1
203 403 1
203 437 1
203 463 1
203 86 1
204 251 1
204 74 1
204 335 1
204 398 1
204 365 1
204 272 1
204 254 1
204 279 1
205 355 1
205 335 1
205 165 1
205 424 1
205 425 1
205 460 1
205 111 1
205 124 1
206 8 1
206 277 1
206 469 1
206 358 1
206 402 1
206 309 1
206 121 1
206 373 1
207 55 1
207 60 1
207 302 1
207 458 1
207 45 1
207 447 1
207 267 1
207 194 1
207 317 1
207 461 1
208 76 1
208 300 1
208 306 1
208 54 1
208 496 1
208 382 1
208 305 1
208 250 1
208 161 1
208 124 1
208 290 1
209 267 1
209 336 1
209 302 1
209 408 1
209 435 1
209 211 1
209 483 1
209 306 1
209 295 1
209 63 1
210 443 1
210 200 1
210 372 1
210 489 1
210 204 1
210 176 1
210 515 1
210 385 1
210 147 1
211 177 1
211 55 1
211 38 1
211 195 1
211 283 1
211 112 1
211 395 1
211 475 1
211 44 1
211 137 1
212 314 1
212 364 1
212 485 1
212 137 1
212 62 1
212 336 1
212 380 1
212 437 1
212 335 1
213 21 1
213 409 1
213 135 1
213 129 1
213 126 1
213 441 1
213 430 1
213 216 1
213 104 1
213 165 1
213 47 1
213 134 1
213 106 1
213 65 1
213 169 1
213 427 1
213 429 1
213 404 1
214 453 1
214 487 1
214 295 1
214 439 1
214 451 1
214 109 1
214 415 1
214 14 1
214 276 1
214 92 1
214 376 1
214 5 1
214 427 1
214 511 1
215 101 1
215 155 1
215 284 1
215 38 1
215 335 1
215 342 1
215 509 1
215 233 1
215 117 1
215 423 1
216 480 1
216 336 1
216 364 1
216 298 1
216 179 1
217 48 1
217 349 1
217 442 1
217 341 1
217 437 1
217 379 1
217 80 1
217 355 1
217 312 1
218 274 1
218 6 1
218 431 1
218 177 1
218 443 1
218 328 1
218 396 1
219 149 1
219 34 1
219 457 1
219 103 1
220 503 1
220 431 1
220 228 1
220 143 1
220 106 1
220 138 1
220 81 1
220 219 1
220 6 1
220 500 1
220 345 1
220 174 1
220 515 1
220 468 1
220 71 1
220 496 1
220 336 1
221 495 1
221 464 1
221 268 1
221 240 1
221 333 1
221 425 1
221 369 1
221 0 1
221 412 1
221 406 1
222 284 1
222 224 1
222 198 1
222 275 1
222 136 1
222 6 1
222 31 1
222 152 1
222 214 1
222 83 1
222 446 1
222 159 1
223 170 1
223 479 1
223 261 1
223 282 1
223 64 1
223 276 1
223 150 1
223 416 1
223 135 1
223 374 1
223 318 1
223 307 1
223 438 1
223 179 1
223 185 1
224 49 1
224 269 1
224 283 1
224 196 1
224 290 1
224 175 1
224 130 1
224 217 1
224 149 1
225 20 1
225 205 1
225 313 1
225 296 1
225 492 1
225 299 1
225 252 1
225 184 1
225 185 1
225 235 1
225 479 1
226 136 1
226 263 1
226 10 1
226 410 1
226 414 1
226 169 1
226 107 1
226 281 1
226 294 1
227 112 1
227 345 1
227 449 1
227 168 1
227 404 1
227 341 1
227 28 1
228 7 1
228 142 1
228 375 1
228 357 1
228 341 1
228 499 1
229 141 1
229 98 1
229 165 1
229 351 1
229 154 1
229 476 1
229 377 1
229 161 1
229 501 1
230 304 1
230 81 1
230 449 1
230 409 1
230 29 1
230 217 1
230 85 1
230 68 1
230 515 1
230 237 1
230 246 1
230 436 1
231 244 1
231 204 1
231 320 1
231 354 1
231 241 1
231 304 1
231 515 1
231 307 1
231 519 1
232 327 1
232 87 1
232 464 1
232 518 1
232 195 1
233 400 1
233 222 1
233 76 1
233 262 1
233 354 1
233 388 1
234 26 1
234 145 1
234 60 1
234 386 1
234 489 1
234 114 1
234 92 1
234 382 1
234 433 1
234 166 1
234 90 1
234 411 1
234 98 1
235 151 1
235 90 1
235 74 1
235 337 1
235 97 1
235 450 1
236 224 1
236 55 1
236 44 1
236 2 1
236 204 1
236 174 1
236 43 1
236 221 1
236 428 1
236 241 1
236 39 1
236 351 1
237 401 1
237 241 1
237 83 1
237 385 1
237 171 1
237 51 1
237 353 1
237 479 1
237 458 1
237 323 1
237 121 1
237 364 1
237 491 1
238 117 1
238 367 1
238 341 1
238 84 1
238 10 1
238 46 1
238 124 1
238 190 1
238 191 1
239 497 1
239 187 1
239 437 1
239 465 1
239 201 1
239 383 1
239 326 1
239 397 1
239 38 1
239 301 1
239 6 1
239 366 1
240 435 1
240 93 1
240 413 1
240 273 1
240 202 1
240 220 1
240 342 1
240 55 1
240 501 1
240 47 1
240 315 1
241 364 1
241 90 1
241 67 1
241 362 1
241 127 1
241 300 1
241 261 1
241 348 1
241 82 1
241 305 1
242 341 1
242 462 1
242 186 1
242 368 1
242 470 1
243 216 1
243 244 1
243 118 1
243 85 1
243 275 1
243 143 1
243 350 1
243 11 1
244 48 1
244 289 1
244 389 1
244 130 1
244 365 1
245 142 1
245 367 1
245 325 1
245 369 1
245 57 1
245 246 1
245 32 1
245 269 1
245 229 1
245 448 1
245 519 1
246 211 1
246 243 1
246 85 1
246 101 1
246 199 1
246 394 1
246 481 1
246 415 1
246 514 1
246 439 1
246 413 1
247 346 1
247 96 1
247 388 1
247 72 1
247 385 1
247 362 1
247 419 1
247 497 1
247 213 1
247 159 1
247 111 1
247 438 1
247 413 1
247 50 1
248 502 1
248 38 1
248 44 1
248 67 1
248 255 1
248 234 1
248 178 1
249 404 1
249 315 1
249 116 1
249 428 1
249 495 1
249 399 1
249 441 1
249 59 1
249 507 1
249 107 1
249 351 1
249 155 1
249 182 1
249 464 1
249 474 1
249 90 1
249 60 1
250 31 1
250 85 1
250 449 1
251 346 1
251 212 1
251 135 1
251 480 1
251 285 1
251 275 1
251 287 1
251 363 1
251 86 1
251 376 1
251 52 1
252 369 1
252 307 1
252 238 1
252 192 1
252 194 1
252 128 1
252 414 1
252 200 1
252 67 1
252 215 1
253 407 1
253 73 1
253 123 1
254 387 1
254 275 1
254 71 1
254 222 1
254 453 1
254 159 1
254 234 1
254 421 1
254 228 1
254 348 1
254 128 1
254 248 1
254 229 1
255 433 1
255 335 1
255 134 1
255 12 1
255 465 1
255 152 1
255 463 1
255 505 1
256 220 1
256 333 1
256 146 1
256 277 1
256 130 1
256 386 1
256 409 1
257 181 1
257 152 1
257 336 1
257 427 1
257 409 1
257 312 1
257 81 1
257 385 1
257 20 1
257 286 1
257 194 1
257 471 1
258 133 1
258 65 1
258 231 1
258 432 1
258 313 1
258 9 1
258 4 1
258 244 1
258 113 1
258 68 1
258 33 1
258 48 1
258 438 1
259 159 1
259 424 1
259 312 1
259 448 1
259 134 1
259 391 1
259 237 1
259 120 1
260 133 1
260 469 1
260 220 1
260 468 1
260 3 1
260 171 1
260 237 1
260 145 1
261 33 1
261 258 1
261 59 1
261 317 1
261 475 1
261 445 1
261 83 1
261 398 1
261 205 1
261 143 1
262 230 1
262 1 1
262 490 1
262 34 1
262 269 1
262 194 1
262 24 1
262 411 1
262 185 1
262 238 1
262 155 1
262 505 1
263 448 1
263 150 1
263 132 1
263 159 1
263 306 1
263 357 1
263 495 1
263 113 1
263 231 1
263 20 1
263 123 1
263 105 1
263 51 1
264 342 1
264 28 1
264 206 1
264 386 1
265 283 1
265 333 1
265 78 1
265 20 1
265 456 1
266 248 1
266 376 1
266 377 1
266 286 1
266 17 1
266 3 1
267 384 1
267 253 1
267 309 1
267 248 1
267 383 1
267 57 1
267 166 1
268 470 1
268 64 1
268 263 1
268 63 1
268 7 1
268 236 1
268 127 1
268 392 1
268 162 1
268 81 1
268 59 1
268 100 1
268 58 1
268 451 1
268 417 1
269 399 1
269 280 1
269 215 1
269 342 1
269 339 1
269 238 1
269 283 1
270 421 1
270 258 1
270 10 1
270 340 1
270 69 1
270 422 1
270 17 1
270 205 1
270 182 1
270 405 1
271 447 1
271 20 1
271 348 1
271 186 1
271 23 1
271 403 1
271 500 1
272 98 1
272 128 1
272 302 1
272 278 1
272 114 1
272 429 1
272 195 1
272 61 1
272 42 1
272 428 1
272 60 1
272 277 1
273 373 1
273 85 1
273 503 1
273 137 1
273 195 1
273 422 1
273 27 1
273 358 1
273 245 1
273 389 1
273 6 1
273 91 1
273 19 1
273 386 1
273 354 1
273 344 1
274 485 1
274 8 1
274 332 1
274 14 1
274 241 1
274 56 1
274 491 1
274 190 1
274 267 1
274 436 1
275 112 1
275 194 1
275 66 1
275 318 1
275 134 1
275 504 1
275 160 1
276 252 1
276 302 1
276 34 1
276 18 1
276 126 1
276 41 1
276 136 1
276 476 1
277 414 1
277 52 1
277 270 1
277 493 1
277 410 1
278 490 1
278 161 1
278 176 1
278 79 1
279 360 1
279 373 1
279 469 1
279 346 1
279 326 1
279 141 1
279 144 1
279 135 1
279 136 1
279 284 1
279 299 1
279 388 1
280 8 1
280 127 1
280 13 1
280 143 1
280 205 1
280 471 1
281 35 1
281 374 1
281 303 1
281 290 1
281 169 1
281 61 1
282 439 1
282 361 1
282 474 1
282 364 1
282 122 1
282 388 1
282 381 1
282 368 1
282 322 1
282 233 1
283 343 1
283 462 1
283 326 1
283 211 1
283 318 1
284 203 1
284 425 1
284 67 1
284 47 1
284 123 1
284 144 1
284 195 1
284 196 1
284 178 1
284 82 1
285 196 1
285 183 1
285 363 1
285 484 1
285 365 1
285 331 1
285 133 1
285 465 1
286 491 1
286 188 1
286 381 1
286 116 1
286 99 1
286 112 1
286 296 1
286 84 1
286 63 1
286 158 1
286 506 1
286 345 1
287 91 1
287 146 1
287 313 1
287 311 1
287 156 1
287 96 1
287 403 1
287 173 1
287 145 1
287 429 1
288 18 1
288 33 1
288 126 1
288 308 1
288 510 1
288 352 1
288 251 1
288 121 1
288 365 1
288 32 1
288 135 1
288 368 1
289 269 1
289 158 1
289 486 1
289 118 1
289 444 1
289 291 1
289 206 1
290 511 1
290 12 1
290 142 1
290 81 1
290 282 1
290 171 1
290 207 1
290 348 1
290 388 1
290 475 1
290 33 1
290 346 1
290 38 1
290 326 1
290 88 1
291 311 1
291 105 1
291 398 1
291 287 1
291 271 1
291 36 1
291 144 1
291 168 1
292 355 1
292 501 1
292 237 1
292 141 1
292 67 1
292 395 1
292 183 1
292 95 1
292 210 1
293 286 1
293 346 1
293 130 1
293 510 1
293 128 1
294 422 1
294 430 1
294 109 1
294 473 1
294 46 1
294 204 1
295 504 1
295 142 1
295 450 1
295 492 1
296 22 1
296 37 1
296 446 1
296 153 1
296 317 1
296 170 1
296 408 1
297 6 1
297 118 1
297 22 1
297 232 1
297 255 1
297 482 1
297 25 1
298 240 1
298 493 1
298 217 1
298 205 1
298 109 1
298 497 1
298 34 1
298 273 1
298 216 1
298 420 1
298 339 1
299 454 1
299 497 1
299 316 1
299 294 1
299 244 1
299 36 1
299 286 1
299 465 1
299 326 1
300 262 1
300 142 1
300 480 1
300 473 1
300 63 1
300 334 1
300 119 1
300 55 1
301 259 1
301 509 1
301 315 1
301 122 1
301 505 1
301 11 1
301 174 1
301 331 1
301 38 1
301 241 1
301 233 1
301 277 1
301 239 1
301 288 1
301 117 1
302 95 1
302 136 1
302 134 1
302 470 1
302 183 1
302 9 1
302 206 1
302 420 1
302 382 1
302 506 1
302 439 1
303 516 1
303 292 1
303 154 1
303 493 1
303 415 1
304 276 1
304 436 1
304 123 1
304 495 1
304 148 1
304 519 1
304 458 1
304 16 1
304 64 1
304 428 1
304 234 1
304 328 1
305 162 1
305 401 1
305 239 1
305 179 1
305 205 1
305 499 1
305 260 1
305 98 1
305 7 1
305 110 1
306 5 1
306 215 1
306 224 1
306 438 1
306 129 1
306 426 1
306 121 1
306 454 1
306 274 1
306 100 1
306 190 1
307 234 1
307 299 1
307 231 1
307 458 1
307 275 1
307 65 1
307 157 1
308 224 1
308 403 1
308 405 1
308 486 1
308 279 1
308 423 1
308 170 1
308 518 1
309 35 1
309 323 1
309 300 1
309 172 1
309 422 1
309 225 1
309 148 1
309 29 1
309 416 1
309 406 1
309 358 1
309 123 1
309 280 1
309 6 1
309 149 1
310 251 1
310 205 1
310 184 1
311 213 1
311 324 1
311 43 1
311 117 1
311 487 1
311 481 1
311 42 1
311 200 1
311 30 1
311 383 1
311 271 1
311 19 1
312 109 1
312 408 1
312 185 1
312 141 1
312 21 1
312 409 1
312 243 1
312 339 1
312 226 1
313 387 1
313 330 1
313 462 1
313 73 1
313 182 1
313 218 1
313 405 1
313 151 1
313 214 1
313 494 1
314 362 1
314 41 1
314 394 1
314 426 1
314 405 1
314 173 1
314 336 1
314 181 1
314 84 1
315 403 1
315 456 1
315 181 1
315 6 1
315 69 1
315 389 1
315 290 1
315 62 1
316 310 1
316 37 1
316 136 1
316 383 1
316 330 1
316 450 1
316 76 1
316 26 1
317 410 1
317 79 1
317 58 1
317 157 1
317 127 1
317 4 1
317 130 1
318 256 1
318 447 1
318 88 1
318 514 1
318 235 1
318 307 1
318 187 1
318 44 1
318 38 1
318 386 1
318 42 1
318 11 1
318 269 1
318 45 1
318 327 1
318 396 1
318 161 1
319 395 1
319 305 1
319 268 1
319 40 1
319 177 1
319 29 1
319 399 1
319 501 1
320 180 1
320 318 1
320 314 1
320 481 1
320 517 1
320 25 1
320 252 1
321 427 1
321 406 1
321 204 1
321 6 1
321 164 1
321 347 1
321 463 1
321 26 1
322 102 1
322 175 1
322 329 1
322 362 1
322 466 1
322 36 1
322 5 1
322 163 1
323 163 1
323 405 1
323 491 1
323 99 1
323 409 1
323 419 1
323 183 1
323 129 1
323 365 1
323 413 1
323 248 1
323 254 1
323 200 1
323 418 1
324 466 1
324 442 1
324 448 1
324 33 1
324 117 1
324 234 1
324 16 1
324 21 1
324 361 1
325 40 1
325 114 1
325 91 1
325 181 1
325 314 1
325 488 1
325 503 1
325 223 1
325 305 1
325 406 1
325 141 1
326 361 1
326 452 1
326 323 1
326 70 1
326 193 1
326 186 1
326 98 1
326 402 1
326 26 1
326 425 1
326 135 1
327 149 1
327 414 1
327 317 1
327 367 1
327 100 1
327 338 1
327 359 1
327 157 1
327 321 1
327 513 1
327 148 1
328 63 1
328 16 1
328 35 1
328 83 1
328 307 1
328 58 1
328 461 1
329 286 1
329 489 1
329 224 1
329 110 1
329 330 1
329 100 1
329 264 1
329 184 1
329 424 1
329 20 1
329 339 1
329 441 1
330 250 1
330 329 1
330 68 1
330 504 1
330 473 1
331 0 1
331 496 1
331 174 1
331 268 1
331 306 1
331 136 1
331 243 1
331 426 1
332 401 1
332 346 1
332 44 1
332 436 1
332 144 1
332 172 1
332 233 1
332 159 1
332 275 1
332 122 1
332 507 1
332 135 1
333 513 1
333 335 1
333 358 1
333 283 1
333 156 1
333 72 1
333 458 1
333 24 1
333 442 1
334 416 1
334 412 1
334 175 1
334 167 1
334 275 1
334 219 1
334 193 1
334 257 1
334 234 1
334 357 1
334 486 1
334 180 1
335 191 1
335 174 1
335 211 1
335 364 1
335 300 1
335 194 1
335 143 1
335 76 1
335 315 1
335 394 1
335 199 1
335 325 1
336 251 1
336 122 1
336 265 1
336 113 1
336 446 1
336 286 1
336 198 1
336 179 1
337 227 1
337 39 1
337 63 1
337 393 1
337 462 1
337 151 1
337 432 1
337 197 1
337 161 1
337 141 1
338 346 1
338 145 1
338 127 1
338 70 1
338 156 1
338 165 1
338 385 1
339 245 1
339 237 1
339 182 1
339 209 1
339 463 1
340 19 1
340 216 1
340 370 1
340 386 1
340 489 1
340 305 1
340 245 1
340 90 1
341 356 1
341 167 1
341 10 1
341 518 1
341 456 1
341 444 1
341 153 1
342 152 1
342 19 1
342 264 1
342 453 1
342 505 1
342 270 1
342 291 1
342 55 1
342 243 1
342 356 1
342 345 1
342 263 1
343 379 1
343 512 1
343 49 1
343 166 1
343 384 1
343 207 1
343 375 1
344 146 1
344 249 1
344 85 1
344 450 1
344 489 1
344 510 1
344 136 1
344 456 1
345 497 1
345 177 1
345 4 1
345 91 1
345 477 1
345 448 1
345 420 1
345 38 1
345 488 1
345 501 1
345 265 1
345 193 1
346 348 1
346 175 1
346 425 1
346 305 1
346 42 1
346 491 1
346 183 1
346 145 1
347 439 1
347 303 1
347 337 1
347 191 1
347 82 1
347 380 1
347 157 1
347 285 1
347 483 1
347 502 1
347 392 1
347 102 1
347 248 1
347 282 1
348 238 1
348 121 1
348 83 1
348 59 1
348 404 1
348 369 1
348 344 1
348 264 1
348 332 1
348 39 1
349 117 1
349 275 1
349 451 1
349 124 1
349 327 1
349 320 1
349 395 1
349 517 1
349 342 1
349 5 1
349 216 1
349 195 1
350 281 1
350 147 1
350 387 1
350 361 1
351 347 1
351 44 1
351 263 1
351 256 1
351 364 1
351 257 1
351 43 1
351 18 1
352 297 1
352 496 1
352 59 1
352 291 1
352 56 1
352 411 1
352 300 1
352 499 1
352 232 1
352 190 1
352 416 1
352 240 1
352 150 1
352 370 1
352 493 1
353 446 1
353 184 1
353 411 1
353 69 1
353 385 1
353 404 1
353 443 1
353 26 1
353 39 1
354 1 1
354 289 1
354 244 1
354 136 1
354 52 1
354 180 1
354 43 1
354 144 1
354 292 1
355 48 1
355 142 1
355 79 1
355 509 1
355 231 1
355 443 1
355 204 1
355 401 1
355 335 1
355 74 1
355 331 1
355 20 1
355 473 1
355 224 1
355 406 1
356 503 1
356 179 1
356 502 1
356 379 1
356 300 1
356 232 1
356 225 1
356 0 1
357 138 1
357 177 1
357 120 1
357 272 1
357 437 1
357 374 1
357 125 1
357 392 1
357 204 1
357 485 1
357 218 1
357 107 1
358 227 1
358 79 1
358 299 1
358 452 1
358 96 1
358 149 1
358 237 1
358 179 1
358 184 1
359 476 1
359 163 1
359 330 1
359 405 1
359 255 1
359 9 1
359 265 1
359 213 1
359 295 1
360 481 1
360 96 1
360 265 1
360 385 1
360 407 1
360 112 1
360 84 1
360 147 1
360 316 1
360 226 1
360 201 1
360 425 1
360 381 1
361 258 1
361 384 1
361 306 1
361 191 1
361 111 1
361 364 1
362 189 1
362 33 1
362 118 1
362 31 1
362 23 1
362 119 1
362 133 1
362 254 1
363 148 1
363 225 1
363 378 1
363 302 1
364 265 1
364 277 1
364 237 1
364 374 1
364 200 1
364 285 1
364 43 1
364 319 1
364 353 1
364 117 1
364 53 1
364 346 1
364 437 1
365 196 1
365 132 1
365 246 1
365 158 1
365 214 1
365 98 1
365 61 1
365 212 1
365 177 1
366 82 1
366 384 1
366 232 1
366 161 1
366 36 1
366 126 1
366 433 1
366 148 1
367 422 1
367 251 1
367 202 1
367 128 1
368 66 1
368 1 1
368 50 1
368 370 1
368 501 1
368 290 1
368 55 1
368 49 1
368 46 1
368 440 1
368 178 1
369 201 1
369 467 1
369 340 1
369 378 1
369 255 1
369 341 1
369 253 1
369 56 1
369 176 1
369 200 1
369 451 1
370 31 1
370 282 1
370 113 1
370 483 1
370 18 1
370 78 1
370 452 1
370 339 1
370 188 1
370 249 1
370 119 1
370 144 1
371 519 1
371 68 1
371 433 1
371 455 1
371 233 1
371 458 1
371 246 1
371 37 1
371 407 1
371 74 1
371 206 1
371 69 1
371 487 1
372 23 1
372 486 1
372 96 1
372 410 1
372 370 1
372 5 1
372 310 1
372 87 1
372 160 1
372 196 1
373 204 1
373 299 1
373 503 1
373 174 1
373 78 1
373 476 1
373 96 1
373 82 1
373 81 1
373 474 1
373 311 1
374 457 1
374 334 1
374 439 1
374 10 1
374 174 1
374 34 1
374 202 1
374 172 1
374 399 1
374 198 1
375 383 1
375 193 1
375 362 1
375 58 1
375 165 1
375 13 1
375 238 1
375 282 1
375 341 1
376 498 1
376 474 1
376 257 1
376 39 1
376 126 1
376 360 1
376 296 1
376 397 1
376 192 1
377 163 1
377 35 1
377 518 1
377 379 1
377 334 1
377 184 1
377 94 1
377 51 1
377 404 1
377 327 1
377 116 1
377 121 1
378 147 1
378 83 1
378 383 1
378 51 1
378 208 1
378 421 1
378 245 1
378 289 1
378 185 1
378 162 1
378 142 1
378 64 1
379 412 1
379 418 1
379 513 1
379 460 1
380 169 1
380 357 1
380 408 1
380 292 1
380 210 1
380 259 1
380 30 1
380 31 1
380 284 1
380 32 1
380 55 1
380 331 1
380 123 1
380 367 1
381 336 1
381 371 1
381 241 1
381 252 1
381 231 1
381 129 1
381 186 1
381 72 1
382 145 1
382 410 1
382 254 1
382 318 1
382 281 1
382 367 1
383 424 1
383 320 1
383 351 1
383 154 1
383 109 1
383 193 1
383 396 1
383 41 1
383 291 1
383 156 1
383 508 1
383 467 1
383 461 1
384 22 1
384 91 1
384 371 1
384 480 1
384 57 1
384 488 1
385 367 1
385 63 1
385 85 1
385 28 1
385 301 1
385 296 1
385 304 1
385 222 1
385 52 1
385 172 1
385 287 1
385 501 1
385 507 1
385 263 1
386 23 1
386 417 1
386 171 1
386 143 1
386 289 1
386 391 1
386 141 1
386 354 1
386 435 1
387 495 1
387 455 1
387 128 1
387 147 1
387 196 1
387 177 1
387 146 1
388 69 1
388 480 1
388 93 1
389 150 1
389 183 1
389 306 1
389 294 1
389 73 1
389 96 1
389 193 1
389 371 1
389 222 1
389 394 1
389 372 1
389 434 1
389 80 1
389 25 1
390 221 1
390 2 1
390 469 1
390 106 1
390 80 1
390 418 1
390 447 1
390 3 1
390 46 1
391 443 1
391 208 1
391 398 1
391 166 1
391 98 1
391 395 1
391 124 1
391 173 1
391 143 1
391 429 1
391 348 1
392 132 1
392 209 1
392 294 1
392 28 1
392 495 1
392 330 1
392 134 1
392 455 1
392 504 1
392 99 1
392 329 1
392 229 1
392 274 1
392 62 1
392 386 1
392 422 1
392 93 1
392 253 1
393 168 1
393 285 1
393 199 1
393 364 1
393 290 1
393 98 1
393 435 1
393 289 1
393 104 1
393 466 1
393 357 1
393 136 1
393 269 1
394 388 1
394 269 1
394 5 1
394 385 1
394 482 1
394 495 1
394 128 1
394 319 1
394 113 1
395 216 1
395 152 1
395 215 1
395 229 1
395 18 1
395 381 1
395 393 1
395 73 1
395 329 1
395 28 1
395 250 1
396 320 1
396 452 1
396 108 1
396 370 1
396 362 1
396 516 1
396 416 1
397 440 1
397 253 1
397 227 1
397 29 1
397 466 1
397 22 1
397 508 1
397 109 1
397 223 1
397 152 1
397 405 1
398 332 1
398 278 1
398 243 1
398 502 1
398 361 1
398 11 1
398 280 1
398 67 1
399 443 1
399 314 1
399 337 1
399 126 1
399 452 1
399 321 1
399 420 1
399 386 1
399 76 1
399 477 1
399 413 1
399 187 1
400 200 1
400 61 1
400 421 1
400 296 1
400 196 1
400 298 1
400 31 1
400 446 1
400 37 1
400 19 1
400 477 1
400 365 1
400 335 1
401 394 1
401 363 1
401 114 1
401 158 1
401 413 1
401 504 1
401 44 1
402 379 1
402 128 1
402 266 1
402 370 1
402 495 1
402 118 1
402 108 1
402 300 1
402 248 1
402 205 1
403 136 1
403 156 1
403 434 1
403 504 1
403 213 1
403 298 1
403 17 1
403 309 1
403 189 1
404 328 1
404 398 1
404 488 1
404 58 1
404 198 1
404 411 1
404 98 1
404 100 1
404 102 1
404 366 1
404 272 1
404 307 1
405 94 1
405 454 1
405 424 1
405 133 1
405 97 1
405 413 1
405 200 1
405 79 1
406 276 1
406 329 1
406 365 1
406 290 1
406 41 1
406 149 1
406 85 1
406 12 1
406 427 1
406 134 1
406 434 1
407 13 1
407 8 1
407 385 1
407 112 1
407 508 1
407 182 1
407 245 1
407 388 1
407 36 1
407 382 1
407 113 1
407 340 1
408 64 1
408 123 1
408 278 1
408 144 1
408 207 1
408 436 1
408 10 1
408 471 1
408 256 1
408 276 1
408 406 1
408 133 1
408 113 1
408 43 1
408 320 1
408 98 1
409 238 1
409 163 1
409 431 1
409 100 1
409 352 1
409 451 1
409 482 1
410 176 1
410 115 1
410 402 1
410 264 1
410 187 1
410 308 1
410 54 1
411 74 1
411 129 1
411 5 1
411 102 1
411 80 1
411 85 1
412 289 1
412 220 1
412 82 1
412 511 1
413 424 1
413 476 1
413 364 1
413 1 1
413 147 1
413 207 1
413 338 1
413 43 1
413 244 1
413 418 1
413 280 1
413 18 1
414 352 1
414 344 1
414 229 1
414 455 1
414 307 1
414 137 1
414 44 1
415 120 1
415 18 1
415 364 1
415 314 1
415 135 1
415 329 1
415 499 1
415 127 1
415 464 1
415 183 1
415 403 1
416 389 1
416 460 1
416 408 1
416 216 1
416 91 1
416 375 1
416 417 1
416 88 1
416 507 1
416 229 1
416 195 1
416 232 1
416 330 1
416 516 1
417 216 1
417 438 1
417 398 1
417 299 1
418 312 1
418 351 1
418 309 1
418 381 1
418 505 1
418 389 1
418 100 1
418 324 1
418 506 1
418 184 1
418 459 1
419 353 1
419 143 1
419 311 1
419 263 1
419 150 1
419 148 1
419 32 1
419 19 1
420 280 1
420 170 1
420 143 1
420 301 1
420 257 1
420 338 1
420 321 1
420 118 1
421 418 1
421 446 1
421 37 1
421 500 1
421 146 1
421 450 1
421 474 1
421 255 1
422 345 1
422 204 1
422 155 1
422 229 1
422 315 1
422 290 1
422 93 1
422 25 1
422 71 1
422 311 1
422 338 1
422 360 1
423 117 1
423 85 1
423 407 1
423 355 1
423 474 1
423 461 1
423 149 1
423 325 1
423 491 1
423 169 1
423 210 1
423 260 1
423 430 1
424 363 1
424 169 1
424 64 1
424 336 1
424 192 1
424 452 1
424 94 1
425 400 1
425 12 1
425 135 1
425 111 1
425 179 1
425 291 1
425 388 1
425 203 1
425 415 1
425 346 1
425 161 1
426 221 1
426 95 1
426 404 1
426 209 1
426 323 1
426 220 1
426 366 1
426 241 1
426 321 1
426 117 1
426 219 1
427 140 1
427 167 1
427 401 1
427 444 1
427 102 1
427 289 1
427 461 1
427 180 1
427 155 1
427 59 1
427 3 1
428 274 1
428 386 1
428 133 1
428 28 1
429 121 1
429 30 1
429 498 1
429 249 1
429 457 1
429 483 1
429 436 1
429 24 1
429 292 1
429 188 1
429 445 1
430 124 1
430 411 1
430 368 1
430 199 1
430 472 1
430 244 1
430 136 1
430 228 1
430 95 1
430 65 1
430 282 1
430 44 1
430 308 1
430 163 1
430 24 1
430 206 1
430 331 1
431 192 1
431 258 1
431 449 1
431 327 1
431 56 1
431 146 1
431 84 1
431 394 1
432 71 1
432 335 1
432 354 1
432 270 1
432 429 1
432 109 1
432 50 1
432 46 1
433 415 1
433 408 1
433 157 1
433 69 1
433 364 1
433 239 1
433 17 1
433 377 1
433 467 1
433 113 1
433 14 1
433 308 1
433 410 1
434 37 1
434 188 1
434 219 1
434 46 1
434 234 1
434 381 1
434 440 1
434 116 1
434 383 1
435 251 1
435 41 1
435 93 1
435 17 1
435 518 1
435 332 1
435 16 1
435 64 1
435 199 1
436 57 1
436 222 1
436 346 1
436 414 1
436 29 1
436 368 1
436 374 1
436 32 1
436 389 1
436 131 1
436 332 1
436 192 1
436 164 1
436 67 1
437 241 1
437 420 1
437 482 1
437 227 1
437 81 1
437 59 1
437 302 1
437 320 1
437 138 1
438 62 1
438 45 1
438 376 1
438 440 1
438 339 1
438 341 1
438 474 1
438 416 1
438 496 1
438 279 1
438 405 1
439 407 1
439 248 1
439 292 1
439 218 1
439 267 1
439 68 1
439 103 1
439 481 1
440 256 1
440 486 1
440 286 1
440 369 1
440 149 1
440 433 1
440 398 1
440 252 1
440 223 1
440 70 1
441 159 1
441 433 1
441 55 1
441 411 1
441 461 1
441 469 1
441 501 1
441 468 1
441 11 1
441 74 1
442 21 1
442 93 1
442 432 1
442 284 1
442 317 1
442 131 1
442 316 1
442 223 1
442 319 1
442 371 1
442 152 1
442 71 1
442 91 1
443 343 1
443 385 1
443 194 1
443 10 1
443 477 1
443 248 1
443 466 1
443 380 1
444 4 1
444 205 1
444 74 1
444 226 1
444 302 1
444 368 1
444 117 1
444 331 1
444 119 1
445 281 1
445 502 1
445 26 1
445 300 1
445 432 1
445 35 1
445 225 1
445 258 1
445 233 1
445 355 1
445 162 1
445 420 1
446 69 1
446 205 1
446 272 1
446 341 1
446 451 1
446 381 1
446 352 1
446 92 1
446 5 1
446 266 1
447 350 1
447 283 1
447 228 1
447 308 1
447 233 1
447 473 1
447 211 1
447 86 1
448 243 1
448 224 1
448 466 1
448 377 1
448 52 1
448 203 1
448 69 1
448 153 1
448 380 1
448 316 1
449 110 1
449 486 1
449 5 1
449 117 1
449 500 1
449 129 1
449 4 1
450 29 1
450 114 1
450 222 1
450 414 1
450 433 1
450 34 1
450 475 1
450 417 1
450 45 1
450 146 1
451 201 1
451 43 1
451 11 1
451 135 1
451 3 1
451 163 1
451 473 1
451 325 1
451 466 1
451 188 1
451 372 1
452 460 1
452 193 1
452 46 1
452 133 1
452 373 1
452 221 1
452 11 1
452 266 1
452 384 1
452 130 1
452 30 1
453 205 1
453 249 1
453 345 1
453 285 1
453 458 1
453 401 1
453 354 1
453 374 1
453 423 1
453 287 1
454 509 1
454 401 1
454 67 1
454 443 1
454 220 1
454 424 1
454 167 1
454 202 1
454 52 1
455 495 1
455 139 1
455 358 1
455 132 1
456 272 1
456 342 1
456 308 1
456 334 1
456 196 1
456 147 1
456 82 1
456 40 1
457 504 1
457 76 1
457 225 1
457 430 1
457 479 1
457 448 1
458 93 1
458 355 1
458 187 1
458 140 1
458 346 1
458 513 1
458 218 1
458 477 1
458 142 1
458 498 1
458 370 1
459 30 1
459 445 1
459 216 1
459 23 1
459 517 1
459 465 1
459 66 1
459 338 1
459 205 1
459 45 1
459 439 1
459 397 1
459 273 1
460 400 1
460 202 1
460 386 1
460 153 1
460 452 1
460 517 1
460 101 1
460 376 1
460 295 1
460 509 1
460 475 1
461 228 1
461 169 1
461 89 1
461 341 1
461 179 1
461 216 1
461 430 1
461 409 1
461 506 1
461 252 1
461 309 1
461 264 1
462 264 1
462 286 1
462 342 1
462 195 1
462 435 1
462 490 1
462 94 1
462 228 1
462 449 1
462 389 1
462 14 1
462 76 1
462 356 1
462 222 1
462 13 1
463 309 1
463 36 1
463 253 1
463 147 1
463 42 1
463 263 1
463 373 1
463 166 1
464 11 1
464 155 1
464 1 1
464 117 1
464 176 1
464 47 1
464 385 1
464 285 1
464 170 1
464 160 1
464 78 1
464 318 1
464 503 1
464 330 1
465 329 1
465 372 1
465 391 1
465 271 1
465 85 1
465 350 1
465 128 1
465 493 1
465 420 1
465 224 1
465 467 1
465 483 1
466 38 1
466 362 1
466 225 1
466 102 1
466 170 1
467 119 1
467 373 1
467 451 1
467 443 1
467 359 1
467 67 1
467 440 1
467 234 1
468 155 1
468 318 1
468 141 1
468 214 1
468 32 1
468 436 1
468 55 1
469 28 1
469 6 1
469 201 1
469 108 1
469 38 1
469 137 1
469 84 1
469 313 1
469 76 1
469 494 1
470 275 1
470 77 1
470 465 1
470 7 1
470 49 1
470 147 1
470 268 1
470 153 1
470 179 1
470 479 1
470 146 1
470 498 1
470 375 1
471 459 1
471 415 1
471 254 1
471 235 1
472 485 1
472 305 1
472 192 1
472 91 1
472 107 1
472 196 1
473 398 1
473 310 1
473 54 1
473 332 1
473 416 1
473 441 1
473 123 1
473 373 1
473 378 1
473 513 1
474 22 1
474 469 1
474 87 1
474 226 1
474 406 1
474 517 1
474 351 1
475 348 1
475 278 1
475 73 1
475 75 1
475 105 1
475 306 1
475 469 1
475 238 1
475 249 1
476 339 1
476 215 1
476 82 1
476 427 1
476 484 1
476 190 1
476 21 1
476 308 1
476 152 1
477 382 1
477 142 1
477 221 1
477 490 1
477 46 1
477 398 1
477 293 1
477 317 1
477 123 1
478 494 1
478 58 1
478 182 1
478 162 1
478 339 1
478 263 1
479 50 1
479 284 1
479 25 1
479 154 1
479 131 1
479 36 1
479 489 1
479 69 1
479 32 1
480 44 1
480 333 1
480 443 1
480 438 1
480 67 1
480 296 1
480 149 1
481 513 1
481 286 1
481 373 1
481 451 1
481 480 1
481 293 1
481 239 1
481 377 1
481 329 1
481 265 1
481 381 1
482 38 1
482 378 1
482 169 1
482 171 1
482 256 1
482 66 1
482 383 1
482 97 1
482 489 1
482 234 1
482 103 1
483 388 1
483 27 1
483 105 1
483 326 1
483 509 1
483 262 1
483 92 1
483 384 1
483 354 1
483 169 1
483 301 1
483 469 1
483 62 1
484 129 1
484 387 1
484 221 1
484 126 1
484 220 1
484 301 1
484 313 1
484 286 1
485 116 1
485 251 1
485 234 1
485 62 1
485 477 1
485 300 1
485 500 1
485 474 1
485 22 1
485 479 1
485 81 1
486 428 1
486 177 1
486 514 1
486 201 1
486 94 1
486 121 1
486 19 1
486 120 1
486 163 1
487 257 1
487 262 1
487 486 1
487 61 1
487 149 1
487 24 1
487 28 1
487 251 1
487 159 1
487 327 1
488 17 1
488 345 1
488 179 1
488 288 1
488 204 1
488 469 1
488 49 1
488 372 1
488 326 1
488 379 1
488 265 1
488 124 1
489 8 1
489 517 1
489 1 1
489 256 1
489 413 1
489 152 1
489 167 1
489 230 1
489 429 1
490 133 1
490 160 1
490 121 1
490 353 1
490 345 1
490 35 1
491 214 1
491 48 1
491 168 1
491 283 1
491 166 1
491 403 1
491 67 1
491 159 1
491 144 1
491 11 1
492 107 1
492 344 1
492 288 1
492 345 1
492 178 1
492 40 1
492 287 1
492 101 1
493 236 1
493 124 1
493 167 1
493 107 1
493 109 1
493 56 1
493 139 1
493 1 1
494 367 1
494 156 1
494 175 1
494 323 1
494 324 1
494 278 1
494 273 1
495 92 1
495 65 1
495 35 1
495 382 1
495 407 1
495 412 1
495 353 1
496 365 1
496 173 1
496 518 1
496 51 1
496 432 1
496 117 1
496 509 1
497 24 1
497 371 1
497 198 1
497 402 1
497 345 1
497 117 1
497 204 1
497 486 1
497 241 1
497 96 1
497 275 1
498 78 1
498 64 1
498 479 1
498 210 1
498 81 1
498 260 1
498 422 1
498 172 1
498 98 1
498 398 1
498 106 1
499 63 1
499 153 1
499 330 1
499 83 1
499 157 1
499 88 1
499 358 1
499 331 1
499 383 1
499 294 1
499 144 1
499 320 1
499 495 1
499 362 1
499 363 1
499 345 1
500 219 1
500 399 1
500 359 1
500 34 1
500 506 1
500 513 1
500 314 1
500 287 1
501 351 1
501 177 1
501 468 1
501 3 1
501 106 1
501 93 1
501 275 1
501 197 1
502 171 1
502 201 1
502 228 1
502 67 1
502 292 1
503 118 1
503 238 1
503 325 1
503 235 1
503 499 1
503 32 1
503 346 1
503 290 1
503 188 1
503 447 1
503 25 1
503 399 1
503 31 1
504 106 1
504 115 1
504 253 1
504 63 1
504 368 1
504 59 1
504 485 1
504 511 1
504 61 1
504 447 1
504 195 1
505 480 1
505 491 1
505 101 1
505 376 1
505 213 1
505 14 1
505 496 1
505 478 1
505 393 1
505 152 1
505 73 1
505 110 1
505 155 1
505 439 1
505 356 1
506 490 1
506 403 1
506 288 1
506 511 1
506 134 1
506 446 1
506 501 1
506 29 1
506 338 1
506 145 1
507 238 1
507 285 1
507 496 1
507 286 1
507 478 1
507 169 1
507 140 1
507 148 1
507 441 1
507 116 1
507 399 1
508 113 1
508 500 1
508 367 1
508 275 1
508 300 1
508 266 1
508 215 1
508 190 1
508 96 1
508 145 1
508 298 1
509 306 1
509 399 1
509 138 1
509 339 1
509 345 1
509 364 1
509 124 1
509 352 1
509 334 1
509 228 1
509 476 1
509 71 1
510 376 1
510 248 1
510 39 1
510 218 1
510 484 1
510 350 1
510 325 1
510 19 1
510 261 1
510 6 1
510 475 1
510 241 1
510 219 1
510 55 1
510 12 1
511 61 1
511 134 1
511 392 1
511 483 1
511 23 1
511 269 1
511 248 1
511 400 1
511 184 1
511 120 1
512 455 1
512 445 1
512 385 1
512 469 1
512 510 1
512 146 1
512 171 1
513 427 1
513 489 1
513 22 1
513 459 1
513 269 1
513 472 1
513 108 1
513 223 1
514 295 1
514 194 1
514 476 1
514 50 1
514 473 1
514 376 1
514 325 1
514 293 1
514 235 1
515 383 1
515 361 1
515 374 1
515 23 1
515 394 1
515 330 1
515 181 1
515 438 1
516 33 1
516 374 1
516 427 1
516 303 1
516 449 1
516 191 1
516 139 1
517 450 1
517 340 1
517 513 1
517 233 1
517 122 1
517 121 1
517 486 1
517 169 1
518 436 1
518 261 1
518 454 1
518 125 1
518 143 1
518 240 1
518 449 1
518 209 1
518 29 1
518 475 1
518 136 1
518 501 1
519 194 1
519 482 1
519 316 1
519 515 1
519 507 1
519 338 1
519 425 1
519 56 1
519 61 1
519 196 1
519 55 1
519 348 1
519 465 1
