# Nodes: 1030 Edges: 10000
0 253 1
0 276 1
0 664 1
0 931 1
0 456 1
0 87 1
1 414 1
1 892 1
1 923 1
1 771 1
1 302 1
1 802 1
1 563 1
1 565 1
1 977 1
2 60 1
2 549 1
2 877 1
2 548 1
2 24 1
2 940 1
2 558 1
2 439 1
2 886 1
2 903 1
2 869 1
2 178 1
3 678 1
3 1007 1
3 1022 1
3 265 1
3 208 1
3 788 1
3 38 1
3 237 1
3 90 1
3 229 1
3 197 1
4 366 1
4 522 1
4 607 1
4 428 1
4 410 1
4 80 1
4 863 1
4 161 1
4 393 1
4 24 1
5 781 1
5 267 1
5 755 1
5 877 1
5 312 1
5 107 1
5 345 1
5 821 1
5 322 1
5 330 1
6 126 1
6 293 1
6 641 1
6 711 1
6 275 1
6 264 1
6 370 1
6 1022 1
6 387 1
6 1016 1
6 205 1
6 771 1
6 649 1
7 797 1
7 247 1
7 957 1
7 708 1
7 228 1
7 923 1
7 679 1
7 6 1
8 41 1
8 718 1
8 25 1
8 723 1
8 116 1
8 145 1
8 653 1
8 638 1
8 263 1
8 938 1
8 7 1
8 720 1
9 930 1
9 139 1
9 669 1
9 215 1
9 956 1
9 270 1
9 1012 1
9 354 1
10 983 1
10 761 1
10 457 1
10 483 1
10 956 1
10 406 1
10 116 1
10 477 1
10 646 1
10 431 1
10 722 1
10 150 1
10 108 1
10 596 1
11 722 1
11 699 1
11 114 1
12 748 1
12 356 1
12 1019 1
12 944 1
12 395 1
12 276 1
12 636 1
12 925 1
12 285 1
12 929 1
12 399 1
12 1014 1
12 452 1
13 400 1
13 977 1
13 438 1
14 617 1
14 874 1
14 893 1
14 701 1
14 195 1
14 677 1
14 837 1
15 471 1
15 893 1
15 369 1
15 125 1
15 387 1
15 637 1
15 712 1
16 133 1
16 865 1
16 972 1
16 328 1
16 143 1
16 441 1
16 403 1
16 739 1
17 77 1
17 796 1
17 130 1
17 516 1
17 524 1
17 189 1
18 71 1
18 458 1
18 533 1
18 6 1
18 174 1
18 984 1
18 936 1
18 563 1
18 34 1
18 367 1
19 271 1
19 517 1
19 841 1
19 382 1
19 754 1
19 453 1
19 766 1
19 140 1
19 499 1
19 715 1
19 928 1
20 343 1
20 583 1
20 982 1
20 991 1
20 811 1
20 215 1
20 794 1
20 311 1
20 667 1
20 660 1
21 903 1
21 11 1
21 114 1
21 362 1
21 215 1
21 427 1
21 660 1
21 970 1
21 752 1
21 811 1
21 687 1
21 943 1
22 810 1
22 234 1
22 622 1
22 934 1
22 664 1
22 1021 1
22 945 1
22 496 1
23 836 1
23 296 1
23 512 1
23 414 1
23 960 1
23 394 1
23 393 1
24 770 1
24 266 1
24 918 1
24 365 1
24 191 1
24 735 1
24 864 1
25 788 1
25 905 1
25 656 1
25 253 1
25 1016 1
25 849 1
25 932 1
25 261 1
25 689 1
25 846 1
25 895 1
25 455 1
25 486 1
25 445 1
25 831 1
26 328 1
26 184 1
26 1021 1
26 165 1
26 951 1
27 607 1
27 880 1
27 43 1
27 845 1
27 452 1
27 752 1
27 356 1
27 534 1
27 235 1
27 857 1
28 599 1
28 904 1
28 377 1
28 444 1
28 461 1
28 893 1
28 960 1
28 66 1
28 282 1
28 341 1
28 219 1
29 187 1
29 757 1
29 993 1
29 566 1
29 92 1
29 758 1
29 32 1
29 41 1
29 51 1
30 93 1
30 664 1
30 712 1
30 786 1
30 936 1
30 1007 1
30 994 1
30 856 1
30 108 1
30 528 1
30 326 1
30 237 1
30 450 1
30 538 1
31 498 1
31 877 1
31 318 1
31 118 1
31 562 1
31 414 1
31 553 1
31 363 1
32 378 1
32 796 1
32 822 1
32 297 1
32 202 1
32 744 1
32 13 1
32 25 1
32 298 1
32 433 1
32 668 1
33 718 1
33 631 1
33 907 1
33 911 1
33 269 1
33 792 1
33 781 1
33 280 1
33 829 1
33 886 1
33 395 1
33 764 1
33 1027 1
34 927 1
34 357 1
34 26 1
34 400 1
34 1024 1
34 692 1
34 751 1
35 666 1
35 874 1
35 758 1
35 156 1
35 829 1
35 958 1
35 433 1
35 806 1
35 858 1
35 876 1
35 663 1
35 116 1
36 47 1
36 180 1
36 109 1
36 431 1
36 446 1
36 954 1
36 798 1
36 883 1
36 345 1
36 799 1
36 702 1
37 352 1
37 8 1
37 847 1
37 704 1
37 768 1
37 659 1
38 951 1
38 570 1
38 372 1
38 710 1
38 917 1
38 10 1
38 615 1
38 309 1
38 875 1
38 702 1
38 543 1
38 997 1
38 949 1
39 176 1
39 66 1
39 69 1
39 754 1
39 814 1
39 325 1
39 551 1
39 1006 1
40 512 1
40 887 1
40 674 1
40 269 1
40 949 1
41 499 1
41 552 1
41 563 1
41 931 1
41 599 1
41 264 1
41 313 1
41 468 1
41 115 1
41 204 1
41 660 1
42 461 1
42 833 1
42 734 1
42 402 1
42 175 1
42 474 1
42 460 1
42 822 1
42 698 1
43 135 1
43 853 1
43 185 1
43 302 1
43 477 1
43 122 1
43 219 1
43 223 1
44 884 1
44 441 1
44 467 1
44 355 1
44 185 1
44 464 1
44 227 1
44 266 1
44 378 1
44 825 1
45 52 1
45 359 1
45 289 1
45 379 1
45 326 1
45 636 1
45 563 1
45 220 1
45 810 1
45 296 1
46 902 1
46 955 1
46 497 1
46 612 1
46 453 1
46 266 1
46 326 1
46 719 1
46 334 1
46 322 1
46 904 1
46 303 1
46 1015 1
46 192 1
47 998 1
47 507 1
47 387 1
47 774 1
47 609 1
47 789 1
47 302 1
47 202 1
47 118 1
47 733 1
47 7 1
47 950 1
47 779 1
47 58 1
47 143 1
47 768 1
47 373 1
47 759 1
47 310 1
47 50 1
47 931 1
47 809 1
47 425 1
48 817 1
48 669 1
48 302 1
48 832 1
48 790 1
48 367 1
48 214 1
48 820 1
48 578 1
48 534 1
48 574 1
48 45 1
48 262 1
49 853 1
49 753 1
49 147 1
49 520 1
49 374 1
49 403 1
49 66 1
49 224 1
49 922 1
49 919 1
50 552 1
50 967 1
50 172 1
50 213 1
50 124 1
50 33 1
50 138 1
50 771 1
51 118 1
51 629 1
51 461 1
51 983 1
51 670 1
52 901 1
52 859 1
52 424 1
52 118 1
52 190 1
52 477 1
52 670 1
52 933 1
52 188 1
52 95 1
52 107 1
52 1 1
52 166 1
52 123 1
52 9 1
52 917 1
53 211 1
53 345 1
53 183 1
53 729 1
53 262 1
53 840 1
54 775 1
54 663 1
54 998 1
54 99 1
54 647 1
54 657 1
54 506 1
54 70 1
54 83 1
54 722 1
54 229 1
55 374 1
55 652 1
55 53 1
55 512 1
55 507 1
55 378 1
55 393 1
55 193 1
55 984 1
56 1023 1
56 124 1
56 879 1
56 276 1
56 534 1
56 371 1
56 831 1
56 327 1
57 470 1
57 980 1
57 770 1
57 511 1
57 384 1
57 209 1
57 89 1
57 704 1
58 850 1
58 800 1
58 671 1
58 425 1
58 510 1
59 454 1
59 303 1
59 566 1
59 217 1
59 790 1
59 646 1
59 751 1
59 677 1
59 583 1
59 915 1
59 639 1
59 542 1
59 493 1
59 838 1
59 164 1
59 799 1
60 705 1
60 1016 1
60 70 1
60 75 1
60 516 1
60 688 1
60 741 1
61 398 1
61 879 1
61 153 1
61 483 1
61 175 1
61 516 1
61 884 1
61 812 1
61 385 1
61 139 1
61 96 1
62 808 1
62 824 1
62 31 1
62 435 1
62 873 1
62 1009 1
62 748 1
62 436 1
62 541 1
62 975 1
62 891 1
63 496 1
63 453 1
63 981 1
63 786 1
63 279 1
63 185 1
63 86 1
63 224 1
63 563 1
63 902 1
63 473 1
64 704 1
64 167 1
64 503 1
64 481 1
64 302 1
64 849 1
64 883 1
64 897 1
64 354 1
64 535 1
64 3 1
64 1025 1
64 511 1
65 791 1
65 707 1
65 464 1
65 558 1
65 761 1
66 144 1
66 515 1
66 344 1
66 267 1
66 535 1
66 828 1
66 436 1
66 193 1
66 948 1
66 826 1
67 448 1
67 315 1
67 111 1
67 498 1
67 558 1
67 457 1
67 6 1
67 185 1
67 122 1
67 378 1
67 198 1
68 595 1
68 569 1
68 29 1
68 621 1
68 323 1
68 49 1
68 307 1
68 608 1
68 885 1
68 859 1
69 879 1
69 368 1
69 356 1
69 771 1
69 206 1
69 265 1
69 308 1
69 85 1
69 101 1
69 52 1
69 618 1
70 758 1
70 268 1
70 60 1
70 710 1
70 10 1
70 740 1
70 426 1
70 898 1
70 65 1
70 963 1
70 830 1
70 858 1
71 1012 1
71 410 1
71 95 1
71 29 1
71 604 1
71 360 1
71 734 1
71 104 1
71 787 1
71 298 1
71 827 1
71 393 1
71 603 1
71 1016 1
72 124 1
72 905 1
72 561 1
72 428 1
72 837 1
72 400 1
72 935 1
72 1004 1
72 174 1
72 70 1
72 997 1
73 276 1
73 627 1
73 889 1
73 219 1
73 788 1
73 743 1
73 604 1
73 969 1
73 607 1
73 258 1
74 754 1
74 107 1
74 985 1
74 647 1
74 746 1
74 895 1
74 819 1
74 254 1
75 29 1
75 892 1
75 725 1
75 134 1
75 424 1
75 259 1
75 614 1
75 13 1
75 881 1
75 674 1
75 337 1
75 972 1
75 930 1
75 633 1
75 168 1
75 916 1
75 494 1
76 58 1
76 233 1
76 292 1
76 374 1
76 661 1
76 963 1
76 421 1
76 582 1
77 644 1
77 825 1
77 584 1
77 607 1
77 325 1
77 659 1
77 707 1
77 997 1
77 99 1
78 965 1
78 865 1
78 9 1
78 289 1
78 780 1
78 586 1
79 790 1
79 373 1
79 554 1
79 937 1
79 818 1
79 246 1
79 795 1
79 711 1
79 701 1
79 407 1
79 324 1
80 416 1
80 236 1
80 130 1
80 633 1
81 55 1
81 930 1
81 636 1
81 394 1
81 92 1
81 219 1
81 820 1
81 679 1
81 882 1
81 199 1
81 489 1
82 435 1
82 169 1
82 587 1
82 719 1
82 380 1
82 406 1
83 356 1
83 773 1
83 93 1
83 352 1
83 1024 1
84 710 1
84 821 1
84 331 1
84 778 1
84 121 1
84 941 1
84 625 1
84 393 1
85 577 1
85 1026 1
85 751 1
85 82 1
85 162 1
85 919 1
85 99 1
85 370 1
86 227 1
86 493 1
86 546 1
86 139 1
86 127 1
86 847 1
86 857 1
86 277 1
86 209 1
86 466 1
86 208 1
86 244 1
86 274 1
86 49 1
86 929 1
86 140 1
86 606 1
86 864 1
87 560 1
87 865 1
87 240 1
87 875 1
87 674 1
87 34 1
87 144 1
87 179 1
87 836 1
87 957 1
87 281 1
87 935 1
87 912 1
88 409 1
88 112 1
88 350 1
88 33 1
88 415 1
88 11 1
88 618 1
88 333 1
88 520 1
89 598 1
89 940 1
89 5 1
89 67 1
89 259 1
89 555 1
89 919 1
89 706 1
89 944 1
89 68 1
89 535 1
89 385 1
89 843 1
89 733 1
90 362 1
90 341 1
90 178 1
90 995 1
90 293 1
91 318 1
91 51 1
91 683 1
91 639 1
91 350 1
91 264 1
92 554 1
92 628 1
92 434 1
92 297 1
92 382 1
92 580 1
92 797 1
92 288 1
92 33 1
92 209 1
92 994 1
92 502 1
93 605 1
93 152 1
93 779 1
93 673 1
93 311 1
93 111 1
93 840 1
93 941 1
94 332 1
94 715 1
94 165 1
94 661 1
94 812 1
94 297 1
94 435 1
94 618 1
94 879 1
94 466 1
95 812 1
95 615 1
95 225 1
95 654 1
95 752 1
95 564 1
95 48 1
95 83 1
95 931 1
96 211 1
96 614 1
96 613 1
96 369 1
96 551 1
96 719 1
96 730 1
96 355 1
96 281 1
97 259 1
97 401 1
97 91 1
97 714 1
97 547 1
97 721 1
97 321 1
97 892 1
97 299 1
97 407 1
97 764 1
97 751 1
97 189 1
98 139 1
98 999 1
98 632 1
98 315 1
98 647 1
98 553 1
98 452 1
98 578 1
99 506 1
99 1007 1
99 792 1
99 237 1
99 752 1
99 503 1
99 1011 1
99 867 1
99 350 1
99 293 1
99 906 1
99 167 1
99 175 1
99 709 1
100 509 1
100 241 1
100 839 1
100 56 1
100 174 1
100 21 1
101 345 1
101 740 1
101 474 1
101 632 1
101 95 1
101 126 1
101 531 1
101 121 1
101 271 1
101 251 1
101 298 1
101 876 1
101 0 1
101 82 1
101 79 1
101 960 1
101 663 1
102 469 1
102 695 1
102 126 1
102 505 1
102 241 1
102 521 1
102 388 1
102 669 1
102 953 1
102 815 1
102 239 1
103 478 1
103 479 1
103 305 1
103 439 1
103 40 1
103 828 1
103 685 1
103 322 1
103 657 1
104 625 1
104 885 1
104 320 1
104 845 1
104 537 1
104 753 1
104 956 1
104 666 1
105 754 1
105 967 1
105 153 1
105 144 1
105 165 1
105 39 1
105 863 1
105 84 1
105 181 1
105 233 1
106 646 1
106 867 1
106 913 1
106 953 1
106 977 1
106 423 1
106 26 1
106 984 1
106 177 1
106 688 1
106 240 1
106 97 1
106 431 1
107 89 1
107 958 1
107 116 1
107 595 1
107 102 1
107 554 1
107 304 1
107 658 1
107 234 1
107 881 1
107 35 1
107 231 1
107 456 1
108 676 1
108 850 1
108 842 1
108 537 1
108 454 1
108 746 1
108 315 1
108 845 1
108 860 1
108 764 1
108 661 1
108 781 1
108 333 1
109 435 1
109 1023 1
109 752 1
109 953 1
109 207 1
109 430 1
110 627 1
110 174 1
110 876 1
110 204 1
110 10 1
110 807 1
110 276 1
110 750 1
110 782 1
110 111 1
111 288 1
111 584 1
111 614 1
111 994 1
111 451 1
111 915 1
111 751 1
111 431 1
111 976 1
112 550 1
112 447 1
112 188 1
112 451 1
112 723 1
112 251 1
112 730 1
112 987 1
112 996 1
112 403 1
112 418 1
112 402 1
112 553 1
112 970 1
112 882 1
112 821 1
113 47 1
113 665 1
113 541 1
113 449 1
113 529 1
113 248 1
114 985 1
114 890 1
114 240 1
114 467 1
114 525 1
114 738 1
114 862 1
114 519 1
114 631 1
114 350 1
114 60 1
115 931 1
115 255 1
115 839 1
115 990 1
115 999 1
116 353 1
116 227 1
116 56 1
116 229 1
116 69 1
116 728 1
116 746 1
116 172 1
116 797 1
116 779 1
116 304 1
116 721 1
117 61 1
117 374 1
117 502 1
117 330 1
117 385 1
117 290 1
117 186 1
117 60 1
117 210 1
118 213 1
118 74 1
118 645 1
118 226 1
118 583 1
119 534 1
119 117 1
119 671 1
119 828 1
119 219 1
120 642 1
120 663 1
120 10 1
120 7 1
120 529 1
120 1022 1
120 25 1
120 577 1
121 909 1
121 441 1
121 638 1
121 800 1
121 446 1
121 5 1
121 527 1
122 15 1
122 336 1
122 721 1
122 41 1
122 308 1
122 213 1
122 711 1
122 715 1
122 222 1
122 39 1
122 876 1
122 424 1
122 836 1
123 358 1
123 715 1
123 77 1
123 88 1
123 295 1
123 85 1
123 48 1
123 1004 1
124 942 1
124 726 1
124 637 1
124 238 1
124 784 1
124 636 1
124 4 1
124 442 1
124 434 1
125 930 1
125 696 1
125 141 1
125 621 1
125 929 1
125 643 1
125 766 1
126 672 1
126 417 1
126 168 1
126 596 1
126 525 1
126 573 1
126 444 1
127 726 1
127 194 1
127 1010 1
127 126 1
127 751 1
127 201 1
127 856 1
127 978 1
128 131 1
128 907 1
128 32 1
128 740 1
128 451 1
128 1022 1
128 13 1
128 31 1
128 83 1
128 1001 1
128 540 1
128 748 1
129 505 1
129 302 1
129 138 1
129 491 1
129 437 1
129 92 1
129 150 1
129 30 1
129 936 1
129 544 1
129 926 1
129 921 1
130 649 1
130 638 1
130 535 1
130 624 1
130 763 1
130 126 1
130 479 1
130 110 1
130 415 1
130 625 1
131 914 1
131 1020 1
131 779 1
131 394 1
131 472 1
131 886 1
131 617 1
131 103 1
131 943 1
132 89 1
132 102 1
132 367 1
132 282 1
132 185 1
132 910 1
132 174 1
132 981 1
133 82 1
133 23 1
133 40 1
133 238 1
133 676 1
133 964 1
133 827 1
133 352 1
133 43 1
134 739 1
134 559 1
134 84 1
134 356 1
134 579 1
134 303 1
134 747 1
134 538 1
134 279 1
134 975 1
135 262 1
135 462 1
135 914 1
135 662 1
135 52 1
135 162 1
135 274 1
135 918 1
135 148 1
135 663 1
135 288 1
135 493 1
135 880 1
135 959 1
135 340 1
135 40 1
136 282 1
136 447 1
136 70 1
136 803 1
136 50 1
136 810 1
136 915 1
136 977 1
136 781 1
137 906 1
137 431 1
137 968 1
137 91 1
137 318 1
137 114 1
137 884 1
137 521 1
137 365 1
138 6 1
138 1007 1
138 814 1
138 693 1
138 764 1
138 517 1
138 427 1
138 884 1
138 139 1
138 791 1
139 217 1
139 379 1
139 328 1
139 460 1
139 974 1
139 891 1
139 259 1
139 1017 1
139 547 1
139 1015 1
139 95 1
139 802 1
139 993 1
140 144 1
140 392 1
140 876 1
140 610 1
140 792 1
140 397 1
140 758 1
140 585 1
140 822 1
141 743 1
141 382 1
141 423 1
141 805 1
141 433 1
141 938 1
141 989 1
141 157 1
141 607 1
142 542 1
142 434 1
142 717 1
142 271 1
142 51 1
142 189 1
142 201 1
143 547 1
143 911 1
143 985 1
143 645 1
143 365 1
143 1022 1
143 972 1
143 713 1
143 255 1
143 2 1
144 101 1
144 666 1
144 913 1
144 567 1
144 333 1
144 214 1
144 453 1
145 640 1
145 601 1
145 619 1
145 767 1
145 1000 1
145 689 1
145 216 1
145 27 1
146 536 1
146 460 1
146 162 1
146 147 1
146 499 1
146 794 1
146 122 1
146 341 1
147 216 1
147 858 1
147 532 1
147 732 1
147 170 1
147 955 1
147 936 1
147 542 1
147 658 1
147 674 1
148 548 1
148 525 1
148 539 1
148 780 1
148 622 1
148 824 1
148 1011 1
148 803 1
149 151 1
149 538 1
149 951 1
149 291 1
149 429 1
149 952 1
149 520 1
149 261 1
149 840 1
149 417 1
149 41 1
149 636 1
149 426 1
149 482 1
150 20 1
150 46 1
150 404 1
150 513 1
150 204 1
150 967 1
150 308 1
150 437 1
151 349 1
151 264 1
151 136 1
151 511 1
151 611 1
151 767 1
151 984 1
152 761 1
152 986 1
152 133 1
152 952 1
152 808 1
152 356 1
152 475 1
152 56 1
152 382 1
153 44 1
153 1024 1
153 754 1
153 348 1
153 895 1
153 464 1
153 154 1
153 692 1
153 840 1
153 733 1
153 517 1
153 551 1
153 780 1
153 371 1
153 321 1
153 825 1
153 910 1
153 435 1
154 202 1
154 921 1
154 562 1
154 76 1
154 451 1
154 477 1
154 916 1
154 382 1
154 147 1
155 329 1
155 244 1
155 231 1
155 949 1
155 911 1
156 826 1
156 730 1
156 111 1
156 57 1
156 339 1
156 293 1
156 600 1
156 602 1
156 865 1
156 672 1
157 248 1
157 940 1
157 439 1
157 451 1
157 474 1
157 639 1
157 1001 1
157 393 1
157 486 1
157 756 1
157 613 1
157 1006 1
157 841 1
157 814 1
157 291 1
158 506 1
158 268 1
158 883 1
158 418 1
158 947 1
158 282 1
158 620 1
158 771 1
158 325 1
158 1004 1
158 537 1
158 776 1
159 306 1
159 892 1
159 272 1
159 790 1
159 619 1
159 198 1
160 114 1
160 149 1
160 284 1
160 967 1
160 146 1
160 216 1
160 389 1
160 698 1
160 367 1
160 620 1
160 196 1
160 790 1
160 171 1
161 94 1
161 728 1
161 426 1
161 979 1
161 82 1
161 557 1
161 186 1
161 224 1
161 142 1
162 301 1
162 641 1
162 111 1
162 653 1
163 221 1
163 987 1
163 149 1
163 33 1
163 224 1
163 445 1
163 955 1
163 1016 1
163 975 1
163 611 1
163 26 1
164 1008 1
164 710 1
164 986 1
164 403 1
164 869 1
164 334 1
164 137 1
164 514 1
164 425 1
164 863 1
164 1003 1
165 349 1
165 329 1
165 538 1
165 529 1
165 884 1
165 78 1
165 814 1
165 357 1
165 1027 1
165 891 1
165 941 1
165 829 1
165 680 1
165 838 1
165 936 1
166 112 1
166 249 1
166 100 1
166 842 1
166 132 1
166 837 1
166 322 1
166 894 1
167 911 1
167 673 1
167 162 1
167 808 1
167 929 1
167 591 1
167 94 1
167 311 1
167 204 1
167 974 1
167 864 1
167 191 1
168 486 1
168 109 1
168 84 1
168 51 1
168 769 1
168 932 1
168 291 1
169 158 1
169 930 1
169 748 1
169 821 1
169 155 1
169 856 1
169 59 1
169 188 1
170 69 1
170 1015 1
170 970 1
170 98 1
170 469 1
170 693 1
170 383 1
170 630 1
170 1000 1
170 529 1
170 676 1
171 63 1
171 949 1
171 67 1
171 234 1
171 106 1
171 787 1
171 285 1
171 304 1
171 553 1
171 771 1
172 673 1
172 181 1
172 586 1
172 561 1
172 28 1
172 560 1
172 968 1
172 104 1
172 753 1
172 197 1
172 103 1
172 740 1
173 832 1
173 338 1
173 992 1
173 271 1
173 558 1
173 609 1
173 985 1
173 413 1
173 678 1
174 252 1
174 368 1
174 532 1
174 966 1
174 364 1
174 555 1
174 624 1
174 406 1
175 807 1
175 7 1
175 466 1
175 868 1
176 2 1
176 486 1
176 1007 1
176 772 1
177 534 1
177 434 1
177 403 1
177 311 1
177 813 1
177 727 1
177 675 1
177 674 1
178 903 1
178 1 1
178 975 1
178 229 1
178 402 1
178 642 1
178 747 1
178 46 1
178 733 1
178 639 1
178 43 1
178 200 1
178 484 1
178 727 1
179 450 1
179 7 1
179 105 1
179 37 1
179 442 1
179 327 1
179 360 1
179 990 1
179 969 1
179 358 1
180 102 1
180 904 1
180 639 1
180 286 1
180 281 1
180 185 1
180 265 1
180 190 1
180 63 1
180 630 1
181 916 1
181 1020 1
181 52 1
181 626 1
181 1012 1
181 37 1
181 489 1
181 572 1
182 875 1
182 689 1
182 895 1
182 302 1
182 972 1
182 612 1
182 526 1
182 114 1
182 15 1
182 307 1
182 189 1
183 917 1
183 872 1
183 72 1
183 408 1
183 300 1
183 430 1
183 403 1
183 127 1
183 447 1
183 472 1
183 456 1
183 60 1
183 848 1
183 851 1
183 951 1
184 50 1
184 800 1
184 1027 1
184 638 1
184 302 1
184 920 1
184 1012 1
184 176 1
184 899 1
184 231 1
185 522 1
185 184 1
185 761 1
185 141 1
185 469 1
185 551 1
185 646 1
185 355 1
186 960 1
186 973 1
186 748 1
186 83 1
186 22 1
186 832 1
186 8 1
186 238 1
186 976 1
186 276 1
186 448 1
186 10 1
186 19 1
186 350 1
186 830 1
186 686 1
186 47 1
186 895 1
187 131 1
187 686 1
187 938 1
187 260 1
187 571 1
187 337 1
188 501 1
188 211 1
188 819 1
188 962 1
188 71 1
188 97 1
188 58 1
188 481 1
188 417 1
188 868 1
189 421 1
189 948 1
189 879 1
189 750 1
189 608 1
189 983 1
189 463 1
189 137 1
189 22 1
189 344 1
189 622 1
189 57 1
190 252 1
190 528 1
190 296 1
190 142 1
190 826 1
190 45 1
191 905 1
191 209 1
191 164 1
191 236 1
191 38 1
191 588 1
191 486 1
191 952 1
192 999 1
192 651 1
192 395 1
192 637 1
192 261 1
192 751 1
192 983 1
192 356 1
192 590 1
192 410 1
192 1025 1
192 450 1
192 798 1
193 980 1
193 581 1
193 340 1
193 414 1
193 689 1
193 926 1
193 97 1
193 871 1
193 1005 1
194 959 1
194 912 1
194 165 1
194 539 1
194 566 1
194 878 1
194 656 1
194 1010 1
194 475 1
194 841 1
195 412 1
195 672 1
195 118 1
195 53 1
195 864 1
195 227 1
195 82 1
195 722 1
195 27 1
196 710 1
196 169 1
196 474 1
196 385 1
196 0 1
196 105 1
196 426 1
196 970 1
196 1020 1
196 175 1
197 867 1
197 564 1
197 928 1
197 97 1
197 254 1
197 757 1
197 366 1
197 924 1
197 542 1
198 525 1
198 335 1
198 186 1
198 658 1
198 93 1
198 301 1
198 130 1
198 125 1
199 793 1
199 339 1
199 614 1
199 97 1
199 310 1
199 805 1
199 887 1
200 710 1
200 762 1
200 75 1
200 402 1
201 596 1
201 702 1
201 21 1
201 411 1
201 328 1
201 697 1
201 974 1
201 619 1
201 649 1
201 187 1
201 545 1
202 421 1
202 461 1
202 356 1
202 499 1
202 519 1
202 714 1
202 74 1
202 932 1
202 467 1
202 76 1
202 987 1
202 821 1
202 149 1
202 311 1
202 4 1
202 616 1
203 640 1
203 544 1
203 281 1
203 903 1
203 945 1
203 180 1
203 1009 1
203 607 1
203 442 1
203 730 1
204 380 1
204 382 1
204 508 1
204 73 1
204 643 1
204 685 1
204 808 1
204 610 1
204 54 1
204 648 1
204 939 1
204 591 1
204 41 1
204 91 1
205 425 1
205 1002 1
205 608 1
205 427 1
205 896 1
205 661 1
205 519 1
205 271 1
205 463 1
205 9 1
205 96 1
205 700 1
205 645 1
205 336 1
206 297 1
206 853 1
206 816 1
206 373 1
206 25 1
206 770 1
207 941 1
207 167 1
207 582 1
207 489 1
207 846 1
207 622 1
207 270 1
207 532 1
208 721 1
208 828 1
208 565 1
208 450 1
209 650 1
209 84 1
209 172 1
209 640 1
209 423 1
209 922 1
209 892 1
209 214 1
209 434 1
209 382 1
210 466 1
210 302 1
210 148 1
210 808 1
210 671 1
210 185 1
211 690 1
211 199 1
211 901 1
211 1010 1
212 497 1
212 619 1
212 802 1
212 349 1
212 712 1
212 237 1
213 656 1
213 196 1
213 269 1
213 746 1
213 904 1
213 321 1
213 521 1
213 79 1
213 86 1
213 28 1
213 836 1
214 885 1
214 760 1
214 25 1
214 823 1
214 790 1
214 958 1
214 976 1
214 1017 1
214 475 1
215 345 1
215 770 1
215 720 1
215 478 1
215 111 1
215 280 1
215 165 1
215 200 1
215 198 1
215 338 1
215 221 1
216 732 1
216 252 1
216 401 1
216 420 1
216 950 1
216 77 1
216 671 1
216 510 1
216 429 1
216 1013 1
216 697 1
216 824 1
216 179 1
216 613 1
216 705 1
217 254 1
217 602 1
217 680 1
217 157 1
217 529 1
217 817 1
217 595 1
217 877 1
217 16 1
217 932 1
217 982 1
217 347 1
217 304 1
218 601 1
218 1027 1
218 667 1
218 478 1
218 348 1
218 330 1
218 830 1
218 199 1
218 407 1
218 83 1
218 285 1
218 419 1
219 978 1
219 736 1
219 13 1
219 679 1
219 842 1
219 548 1
219 727 1
219 523 1
219 36 1
219 987 1
220 827 1
220 319 1
220 7 1
220 271 1
220 997 1
220 785 1
220 313 1
220 515 1
220 167 1
220 671 1
221 335 1
221 49 1
221 397 1
221 527 1
221 264 1
221 301 1
221 151 1
221 744 1
222 872 1
222 736 1
222 513 1
222 237 1
222 495 1
222 86 1
222 562 1
222 92 1
222 463 1
222 76 1
222 248 1
222 235 1
223 53 1
223 443 1
223 69 1
223 86 1
223 478 1
223 623 1
223 904 1
223 226 1
223 540 1
223 853 1
223 353 1
223 760 1
223 472 1
224 378 1
224 245 1
224 639 1
224 537 1
224 442 1
224 142 1
224 935 1
224 479 1
224 461 1
224 438 1
225 358 1
225 564 1
225 738 1
225 899 1
225 581 1
225 708 1
225 515 1
225 71 1
225 404 1
226 668 1
226 99 1
226 448 1
226 380 1
226 923 1
226 499 1
226 156 1
226 716 1
226 31 1
226 1013 1
226 891 1
227 666 1
227 658 1
227 132 1
227 98 1
227 58 1
227 765 1
227 291 1
227 415 1
227 390 1
227 578 1
227 452 1
227 495 1
228 368 1
228 342 1
228 1000 1
228 63 1
228 865 1
228 624 1
228 908 1
228 395 1
228 388 1
228 51 1
228 201 1
228 954 1
228 37 1
229 200 1
229 512 1
229 560 1
229 800 1
229 653 1
229 417 1
229 599 1
229 114 1
230 462 1
230 489 1
230 661 1
230 693 1
230 423 1
230 200 1
231 25 1
231 595 1
231 124 1
231 382 1
231 441 1
232 513 1
232 352 1
232 269 1
232 926 1
232 250 1
232 780 1
232 436 1
232 337 1
232 514 1
233 48 1
233 490 1
233 486 1
233 37 1
233 399 1
233 895 1
233 429 1
233 880 1
233 731 1
233 96 1
233 879 1
233 254 1
234 774 1
234 386 1
234 143 1
234 2 1
234 569 1
234 222 1
234 570 1
234 467 1
234 417 1
234 734 1
234 303 1
234 986 1
235 81 1
235 1026 1
235 778 1
235 353 1
235 911 1
235 573 1
235 996 1
235 243 1
236 923 1
236 624 1
236 493 1
236 978 1
236 712 1
236 160 1
236 563 1
236 227 1
237 422 1
237 463 1
237 736 1
237 421 1
237 864 1
237 432 1
237 539 1
237 412 1
237 639 1
238 990 1
238 83 1
238 659 1
238 795 1
238 996 1
238 726 1
238 605 1
238 616 1
238 799 1
238 447 1
238 142 1
238 138 1
239 622 1
239 486 1
239 797 1
239 389 1
239 942 1
239 500 1
239 574 1
239 755 1
239 440 1
240 93 1
240 33 1
240 946 1
241 1014 1
241 605 1
241 658 1
241 981 1
241 500 1
241 375 1
241 406 1
241 371 1
241 44 1
241 741 1
241 535 1
242 543 1
242 990 1
242 588 1
242 689 1
242 64 1
242 623 1
242 540 1
242 890 1
242 194 1
242 230 1
242 494 1
242 611 1
242 73 1
243 871 1
243 624 1
243 179 1
243 401 1
243 919 1
243 492 1
243 364 1
243 210 1
243 778 1
243 73 1
243 284 1
243 1007 1
244 883 1
244 218 1
244 560 1
244 643 1
244 987 1
244 826 1
244 815 1
245 949 1
245 23 1
245 111 1
245 8 1
245 623 1
245 1023 1
246 587 1
246 761 1
246 639 1
246 787 1
246 484 1
247 681 1
247 752 1
247 548 1
247 659 1
247 371 1
247 505 1
247 544 1
247 418 1
248 735 1
248 272 1
248 704 1
248 515 1
248 275 1
248 530 1
248 378 1
248 122 1
248 534 1
248 183 1
248 233 1
248 782 1
248 911 1
248 157 1
248 798 1
248 429 1
249 304 1
249 472 1
249 336 1
249 125 1
249 957 1
249 44 1
249 143 1
249 792 1
249 594 1
249 494 1
250 545 1
250 583 1
250 133 1
250 13 1
250 568 1
250 145 1
250 30 1
250 284 1
250 212 1
250 884 1
251 684 1
251 368 1
251 124 1
251 171 1
251 989 1
251 194 1
251 521 1
251 597 1
251 872 1
251 58 1
251 826 1
251 362 1
252 644 1
252 770 1
252 20 1
252 19 1
252 150 1
252 791 1
252 107 1
252 226 1
252 660 1
252 464 1
252 174 1
252 300 1
252 247 1
253 916 1
253 735 1
253 211 1
253 955 1
253 181 1
253 522 1
253 420 1
253 74 1
254 766 1
254 658 1
254 223 1
254 284 1
254 741 1
254 96 1
254 61 1
254 448 1
254 252 1
254 533 1
255 523 1
255 342 1
255 200 1
255 559 1
255 584 1
255 185 1
255 62 1
255 514 1
255 187 1
256 283 1
256 29 1
256 405 1
256 636 1
256 432 1
256 222 1
256 9 1
256 509 1
256 803 1
256 1008 1
256 89 1
256 65 1
256 707 1
256 151 1
257 434 1
257 555 1
257 161 1
257 100 1
257 359 1
257 884 1
257 1007 1
257 983 1
257 482 1
257 781 1
257 453 1
257 188 1
257 1014 1
257 864 1
258 999 1
258 519 1
258 38 1
258 473 1
258 658 1
258 545 1
258 66 1
258 16 1
258 474 1
258 1025 1
258 852 1
259 67 1
259 306 1
259 1024 1
259 700 1
259 933 1
259 635 1
260 692 1
260 96 1
261 107 1
261 281 1
261 394 1
261 215 1
261 751 1
261 71 1
261 930 1
261 220 1
261 60 1
261 2 1
262 809 1
262 730 1
262 352 1
262 41 1
262 694 1
262 223 1
262 956 1
262 990 1
262 961 1
262 20 1
262 411 1
262 19 1
262 272 1
263 806 1
263 994 1
263 580 1
263 844 1
263 0 1
263 445 1
263 618 1
263 210 1
263 897 1
263 896 1
263 13 1
263 871 1
263 1010 1
263 62 1
264 420 1
264 151 1
264 21 1
264 958 1
264 1001 1
264 498 1
264 461 1
264 746 1
264 847 1
264 928 1
264 1015 1
265 382 1
265 121 1
265 700 1
265 882 1
265 722 1
265 191 1
265 576 1
265 339 1
265 614 1
265 58 1
266 533 1
266 524 1
266 517 1
266 883 1
266 308 1
266 221 1
266 1002 1
266 954 1
266 484 1
266 444 1
266 799 1
266 201 1
267 149 1
267 150 1
267 669 1
267 622 1
267 302 1
267 266 1
267 141 1
267 251 1
267 336 1
267 1023 1
267 518 1
267 165 1
267 342 1
267 919 1
268 515 1
268 116 1
268 969 1
268 797 1
268 157 1
268 759 1
268 722 1
268 809 1
268 498 1
268 985 1
269 369 1
269 785 1
269 915 1
269 74 1
269 953 1
269 102 1
269 938 1
269 777 1
269 657 1
269 769 1
269 987 1
269 141 1
269 575 1
269 192 1
269 823 1
269 93 1
270 139 1
270 127 1
270 305 1
270 831 1
270 303 1
270 614 1
270 1018 1
270 197 1
270 450 1
270 370 1
270 816 1
271 211 1
271 482 1
271 821 1
271 802 1
271 175 1
271 408 1
271 974 1
271 111 1
271 984 1
271 260 1
271 841 1
271 898 1
271 644 1
271 746 1
272 347 1
272 181 1
272 773 1
272 704 1
272 1006 1
272 764 1
272 792 1
272 431 1
272 26 1
272 960 1
272 561 1
273 426 1
273 960 1
273 893 1
273 802 1
273 494 1
273 159 1
273 671 1
273 263 1
273 788 1
273 470 1
273 452 1
273 226 1
273 424 1
273 318 1
273 515 1
273 838 1
273 308 1
273 726 1
274 930 1
274 666 1
274 962 1
274 415 1
274 286 1
274 583 1
274 792 1
275 129 1
275 585 1
275 43 1
275 380 1
275 251 1
275 895 1
275 746 1
275 287 1
275 347 1
275 562 1
275 145 1
276 530 1
276 195 1
276 257 1
276 749 1
276 669 1
276 723 1
277 456 1
277 617 1
277 690 1
277 361 1
277 225 1
277 747 1
277 992 1
277 588 1
277 38 1
277 536 1
278 108 1
278 143 1
278 393 1
278 578 1
278 744 1
278 743 1
279 377 1
279 43 1
279 316 1
279 113 1
279 748 1
279 933 1
279 911 1
279 396 1
279 323 1
280 238 1
280 531 1
280 421 1
280 826 1
280 523 1
280 708 1
280 162 1
281 783 1
281 703 1
281 73 1
281 573 1
281 768 1
281 618 1
282 902 1
282 337 1
282 886 1
282 349 1
282 684 1
282 153 1
282 993 1
283 346 1
283 778 1
283 698 1
283 16 1
283 478 1
283 62 1
283 44 1
284 575 1
284 877 1
284 680 1
284 616 1
284 556 1
285 286 1
285 545 1
286 525 1
286 392 1
286 625 1
286 610 1
286 128 1
286 1020 1
286 486 1
286 426 1
286 869 1
286 507 1
286 196 1
286 947 1
287 88 1
287 775 1
287 265 1
287 643 1
287 348 1
287 332 1
287 228 1
287 295 1
287 160 1
288 848 1
288 462 1
288 429 1
288 423 1
288 413 1
288 215 1
288 841 1
288 146 1
288 359 1
288 162 1
288 234 1
289 654 1
289 798 1
289 542 1
289 108 1
289 704 1
289 69 1
289 894 1
289 792 1
289 812 1
289 154 1
289 304 1
289 54 1
290 139 1
290 698 1
290 187 1
290 15 1
290 102 1
290 745 1
291 234 1
291 415 1
291 214 1
291 266 1
291 459 1
291 759 1
291 448 1
291 424 1
291 598 1
291 673 1
292 720 1
292 883 1
292 109 1
292 897 1
292 1005 1
293 584 1
293 285 1
293 840 1
293 756 1
293 6 1
293 805 1
293 613 1
293 930 1
293 500 1
293 695 1
293 551 1
294 712 1
294 515 1
294 1011 1
294 745 1
294 813 1
294 387 1
294 344 1
294 648 1
294 446 1
294 329 1
294 746 1
294 759 1
294 117 1
294 542 1
294 200 1
294 422 1
294 665 1
294 447 1
294 201 1
295 114 1
295 737 1
295 25 1
295 473 1
295 353 1
295 710 1
295 474 1
295 260 1
295 988 1
296 850 1
296 941 1
296 426 1
296 669 1
296 639 1
296 277 1
296 986 1
296 624 1
296 828 1
296 297 1
296 962 1
296 698 1
297 116 1
297 887 1
297 922 1
297 263 1
297 362 1
297 546 1
297 272 1
297 371 1
297 743 1
297 662 1
297 758 1
297 596 1
298 485 1
298 421 1
298 926 1
298 730 1
298 50 1
299 63 1
299 190 1
299 144 1
299 455 1
299 386 1
299 451 1
299 59 1
299 497 1
299 187 1
299 822 1
299 583 1
300 245 1
300 7 1
300 369 1
300 999 1
300 247 1
300 59 1
300 84 1
300 937 1
300 700 1
300 221 1
301 256 1
301 544 1
301 930 1
301 315 1
301 284 1
301 101 1
301 112 1
301 211 1
301 832 1
301 422 1
302 647 1
302 754 1
302 564 1
302 55 1
302 796 1
302 760 1
302 408 1
302 23 1
303 410 1
303 260 1
303 263 1
303 173 1
304 39 1
304 406 1
304 205 1
304 520 1
304 480 1
304 509 1
304 1018 1
304 952 1
304 865 1
304 0 1
304 764 1
304 770 1
304 277 1
304 869 1
305 654 1
305 1 1
305 975 1
305 852 1
305 52 1
305 986 1
305 584 1
305 288 1
305 841 1
306 659 1
306 647 1
306 85 1
306 194 1
306 136 1
306 761 1
306 71 1
306 907 1
307 424 1
307 568 1
307 813 1
307 343 1
307 100 1
307 429 1
307 517 1
307 959 1
307 545 1
307 209 1
307 928 1
308 458 1
308 31 1
308 519 1
308 794 1
308 899 1
308 597 1
309 120 1
309 202 1
309 954 1
309 292 1
309 683 1
309 111 1
309 462 1
309 49 1
309 659 1
309 847 1
309 178 1
309 0 1
309 768 1
309 807 1
309 3 1
309 251 1
310 767 1
310 271 1
310 799 1
310 448 1
310 516 1
310 514 1
310 352 1
310 860 1
310 403 1
310 907 1
310 747 1
310 317 1
311 946 1
311 231 1
311 524 1
311 1028 1
311 698 1
311 787 1
311 792 1
311 20 1
311 708 1
311 115 1
312 425 1
312 1027 1
312 147 1
312 467 1
312 319 1
312 30 1
312 381 1
312 578 1
312 925 1
312 24 1
312 259 1
312 610 1
312 204 1
313 132 1
313 482 1
313 1 1
313 795 1
313 107 1
313 784 1
313 700 1
313 329 1
313 781 1
313 457 1
313 567 1
313 975 1
313 676 1
313 177 1
313 56 1
313 871 1
313 387 1
314 238 1
314 519 1
314 237 1
314 115 1
314 1 1
315 216 1
315 723 1
315 292 1
315 431 1
315 748 1
315 0 1
315 243 1
315 639 1
315 96 1
316 13 1
316 996 1
316 629 1
316 280 1
316 172 1
316 778 1
316 387 1
316 960 1
316 680 1
317 393 1
317 44 1
317 141 1
317 1002 1
317 338 1
317 566 1
317 648 1
318 982 1
318 781 1
318 211 1
318 437 1
318 562 1
318 287 1
318 525 1
318 673 1
318 493 1
318 448 1
318 546 1
318 989 1
318 273 1
319 152 1
319 581 1
319 892 1
319 630 1
319 98 1
319 955 1
319 698 1
319 128 1
319 708 1
319 995 1
320 856 1
320 516 1
320 1020 1
320 581 1
320 168 1
320 347 1
320 598 1
320 503 1
320 548 1
320 92 1
321 409 1
321 351 1
321 884 1
321 206 1
321 1011 1
321 19 1
321 943 1
321 780 1
321 438 1
321 887 1
321 898 1
321 35 1
322 480 1
322 922 1
322 1017 1
322 584 1
322 11 1
322 938 1
322 312 1
322 32 1
322 488 1
323 1009 1
323 818 1
323 349 1
323 981 1
323 105 1
323 466 1
323 756 1
323 515 1
323 483 1
324 337 1
324 79 1
324 839 1
324 732 1
324 569 1
324 193 1
324 84 1
324 505 1
324 691 1
324 154 1
324 334 1
324 284 1
325 454 1
325 608 1
325 297 1
325 568 1
325 109 1
325 138 1
325 912 1
325 1008 1
325 576 1
325 659 1
326 522 1
326 49 1
326 212 1
326 429 1
326 680 1
326 776 1
326 72 1
326 769 1
326 53 1
326 179 1
327 593 1
327 799 1
327 368 1
327 887 1
327 20 1
327 164 1
327 1028 1
328 912 1
328 540 1
328 849 1
328 662 1
328 380 1
328 76 1
328 425 1
328 103 1
328 284 1
328 7 1
328 884 1
329 665 1
329 163 1
329 853 1
329 429 1
329 811 1
329 554 1
329 299 1
329 742 1
329 943 1
329 408 1
329 371 1
329 46 1
330 955 1
330 125 1
330 10 1
330 373 1
330 782 1
330 610 1
330 685 1
330 794 1
330 991 1
330 428 1
331 881 1
331 134 1
331 240 1
331 430 1
331 794 1
331 440 1
331 419 1
331 380 1
331 944 1
331 855 1
331 97 1
332 845 1
332 190 1
332 657 1
332 39 1
332 950 1
332 159 1
332 313 1
332 1020 1
332 761 1
332 686 1
332 155 1
332 355 1
332 452 1
333 265 1
333 873 1
333 923 1
333 653 1
333 274 1
333 707 1
333 471 1
333 708 1
333 595 1
333 563 1
333 519 1
333 291 1
333 973 1
333 847 1
333 448 1
334 301 1
334 469 1
334 402 1
334 569 1
334 715 1
334 499 1
334 208 1
334 743 1
334 834 1
334 148 1
334 827 1
334 919 1
335 994 1
335 189 1
335 895 1
335 418 1
335 619 1
335 66 1
335 635 1
335 863 1
335 94 1
335 426 1
335 419 1
336 331 1
336 931 1
336 16 1
336 506 1
336 832 1
336 555 1
336 701 1
337 666 1
337 89 1
337 582 1
337 534 1
337 64 1
337 792 1
337 287 1
337 625 1
338 480 1
338 616 1
338 41 1
338 295 1
338 617 1
338 904 1
338 122 1
338 808 1
338 953 1
339 81 1
339 444 1
339 1016 1
339 228 1
339 487 1
339 731 1
339 1019 1
339 756 1
339 258 1
339 68 1
339 587 1
339 150 1
339 952 1
339 673 1
339 5 1
339 522 1
340 493 1
340 960 1
340 110 1
340 0 1
340 431 1
340 793 1
340 82 1
340 300 1
341 231 1
341 577 1
341 964 1
341 910 1
341 508 1
341 782 1
341 584 1
341 923 1
341 155 1
341 854 1
341 227 1
341 221 1
342 880 1
342 927 1
342 443 1
342 316 1
342 796 1
342 634 1
342 183 1
342 336 1
343 809 1
343 571 1
343 742 1
343 880 1
343 285 1
343 423 1
343 146 1
343 878 1
343 882 1
343 322 1
344 731 1
344 42 1
344 900 1
344 976 1
344 329 1
345 785 1
345 484 1
345 587 1
345 274 1
345 575 1
345 923 1
345 310 1
345 282 1
345 749 1
345 862 1
345 371 1
345 1009 1
346 334 1
346 369 1
346 755 1
346 269 1
346 349 1
346 1011 1
346 131 1
346 932 1
346 838 1
346 587 1
347 113 1
347 190 1
347 453 1
347 971 1
347 681 1
347 765 1
348 928 1
348 860 1
348 23 1
348 357 1
348 911 1
348 1 1
348 291 1
348 806 1
348 336 1
348 929 1
349 531 1
349 834 1
349 899 1
349 809 1
349 781 1
349 481 1
349 591 1
350 461 1
350 829 1
350 1019 1
350 744 1
350 281 1
350 953 1
350 217 1
350 59 1
351 528 1
351 567 1
351 404 1
351 30 1
351 676 1
351 755 1
351 153 1
351 265 1
351 505 1
351 156 1
351 43 1
351 996 1
352 182 1
352 15 1
352 547 1
352 489 1
352 305 1
352 986 1
352 65 1
352 568 1
353 195 1
353 50 1
353 823 1
353 979 1
353 597 1
353 817 1
353 590 1
353 167 1
353 384 1
354 367 1
354 272 1
354 85 1
354 508 1
354 247 1
354 962 1
354 758 1
354 551 1
354 202 1
354 864 1
354 537 1
354 713 1
355 884 1
355 559 1
355 774 1
355 740 1
355 1008 1
355 543 1
355 736 1
355 551 1
355 789 1
355 248 1
355 25 1
356 595 1
356 833 1
356 140 1
356 866 1
356 430 1
356 360 1
356 514 1
356 56 1
356 801 1
356 648 1
356 185 1
356 308 1
356 204 1
357 813 1
357 291 1
357 271 1
357 420 1
357 436 1
357 141 1
357 769 1
357 277 1
357 988 1
357 159 1
358 631 1
358 498 1
358 362 1
358 858 1
358 135 1
358 109 1
358 868 1
358 625 1
358 715 1
358 604 1
358 69 1
359 828 1
359 426 1
359 263 1
359 35 1
359 531 1
359 347 1
359 439 1
360 387 1
360 863 1
360 40 1
360 980 1
360 451 1
360 322 1
360 455 1
360 680 1
360 104 1
360 512 1
360 737 1
360 632 1
360 857 1
361 319 1
361 622 1
361 224 1
361 134 1
361 460 1
361 159 1
361 57 1
361 308 1
361 559 1
362 297 1
362 1024 1
362 10 1
362 331 1
362 836 1
362 653 1
362 327 1
362 437 1
362 154 1
363 855 1
363 340 1
363 299 1
363 758 1
363 159 1
363 884 1
363 605 1
363 676 1
363 568 1
363 580 1
363 538 1
364 1016 1
364 63 1
364 761 1
364 429 1
364 615 1
364 320 1
364 837 1
365 461 1
365 925 1
365 780 1
365 249 1
365 5 1
365 55 1
365 361 1
365 796 1
365 53 1
365 829 1
366 982 1
366 701 1
366 900 1
366 395 1
366 586 1
366 723 1
366 977 1
366 164 1
366 576 1
366 542 1
366 745 1
366 31 1
366 916 1
366 563 1
367 697 1
367 482 1
367 961 1
367 1020 1
367 982 1
367 56 1
367 124 1
367 785 1
367 650 1
367 443 1
367 688 1
368 788 1
368 178 1
368 517 1
368 307 1
368 705 1
368 516 1
368 835 1
368 613 1
368 58 1
368 400 1
368 119 1
368 329 1
368 451 1
369 992 1
369 458 1
369 43 1
369 406 1
369 640 1
369 872 1
369 323 1
369 606 1
369 277 1
369 140 1
369 581 1
369 440 1
370 187 1
370 705 1
370 448 1
370 208 1
370 501 1
370 721 1
370 109 1
370 994 1
370 249 1
370 812 1
370 775 1
370 697 1
370 801 1
370 425 1
371 384 1
371 627 1
371 941 1
371 15 1
371 873 1
371 468 1
371 286 1
371 509 1
372 796 1
372 323 1
372 860 1
373 657 1
373 34 1
373 123 1
373 978 1
373 354 1
373 370 1
373 726 1
373 640 1
373 338 1
374 939 1
374 728 1
374 735 1
374 741 1
374 489 1
374 632 1
374 5 1
374 324 1
374 841 1
374 788 1
375 570 1
375 942 1
375 853 1
375 889 1
375 567 1
375 531 1
375 984 1
376 100 1
376 754 1
376 811 1
376 878 1
376 434 1
376 871 1
376 574 1
376 580 1
376 38 1
376 80 1
376 355 1
377 49 1
377 896 1
377 184 1
377 455 1
377 432 1
377 1019 1
377 546 1
377 586 1
377 135 1
377 48 1
377 66 1
378 841 1
378 447 1
378 768 1
378 1010 1
378 67 1
378 11 1
378 163 1
378 591 1
378 553 1
378 653 1
378 914 1
378 192 1
378 104 1
378 24 1
378 9 1
378 36 1
378 286 1
379 244 1
379 358 1
379 401 1
379 99 1
379 507 1
379 531 1
379 407 1
380 438 1
380 735 1
380 523 1
380 307 1
380 605 1
380 707 1
380 682 1
381 474 1
381 181 1
381 600 1
381 320 1
381 357 1
381 269 1
381 1025 1
381 862 1
381 339 1
381 979 1
381 386 1
381 385 1
382 648 1
382 526 1
382 928 1
382 307 1
382 656 1
382 629 1
382 596 1
383 222 1
383 752 1
383 846 1
383 498 1
383 373 1
383 967 1
383 2 1
384 302 1
384 88 1
384 680 1
384 71 1
384 86 1
384 139 1
384 326 1
384 701 1
384 95 1
384 574 1
385 529 1
385 798 1
385 853 1
385 6 1
385 69 1
385 729 1
385 886 1
386 354 1
386 411 1
386 204 1
386 987 1
386 453 1
386 312 1
387 44 1
387 17 1
387 816 1
387 498 1
387 54 1
387 818 1
387 123 1
387 12 1
387 49 1
387 13 1
387 303 1
387 97 1
387 21 1
387 62 1
387 116 1
388 621 1
388 898 1
388 148 1
388 216 1
388 721 1
388 800 1
388 794 1
388 403 1
388 241 1
388 694 1
388 357 1
388 515 1
389 158 1
389 843 1
389 810 1
389 174 1
389 194 1
389 481 1
389 295 1
390 819 1
390 361 1
390 393 1
390 919 1
390 373 1
390 374 1
390 8 1
390 580 1
390 699 1
390 315 1
390 165 1
390 666 1
390 335 1
391 111 1
391 540 1
391 532 1
391 733 1
391 58 1
391 555 1
391 735 1
391 556 1
391 97 1
392 523 1
392 644 1
392 785 1
392 418 1
392 384 1
392 264 1
392 443 1
392 467 1
392 83 1
392 246 1
393 230 1
393 422 1
393 585 1
393 170 1
393 649 1
393 1008 1
393 795 1
393 898 1
393 840 1
393 938 1
393 75 1
394 67 1
394 359 1
394 32 1
394 189 1
394 251 1
394 882 1
394 989 1
394 603 1
394 409 1
394 541 1
394 921 1
394 137 1
395 338 1
395 736 1
395 683 1
395 515 1
395 541 1
395 16 1
395 504 1
395 569 1
395 480 1
395 2 1
395 61 1
395 972 1
395 173 1
395 322 1
395 948 1
395 501 1
395 392 1
396 884 1
396 319 1
396 316 1
396 441 1
396 0 1
396 569 1
396 885 1
396 876 1
396 296 1
397 1008 1
397 921 1
397 426 1
397 217 1
397 676 1
397 707 1
397 253 1
397 1027 1
397 441 1
398 482 1
398 341 1
398 77 1
398 740 1
398 163 1
398 349 1
398 143 1
398 64 1
398 682 1
398 333 1
398 590 1
399 1012 1
399 330 1
399 815 1
399 508 1
399 713 1
399 757 1
399 516 1
399 448 1
399 944 1
399 252 1
399 791 1
399 181 1
400 133 1
400 776 1
400 706 1
400 1015 1
401 968 1
401 344 1
401 1002 1
401 947 1
401 181 1
401 448 1
402 144 1
402 113 1
402 941 1
402 621 1
402 164 1
402 860 1
402 48 1
402 620 1
402 463 1
403 162 1
403 87 1
403 1024 1
403 658 1
403 753 1
404 948 1
404 308 1
404 976 1
404 617 1
404 783 1
404 852 1
404 21 1
404 133 1
404 82 1
404 310 1
405 921 1
405 375 1
405 212 1
405 341 1
405 907 1
405 111 1
405 236 1
405 40 1
405 976 1
405 399 1
406 511 1
406 927 1
406 503 1
406 440 1
406 647 1
406 267 1
406 277 1
407 834 1
407 875 1
407 602 1
407 425 1
407 734 1
407 32 1
407 997 1
408 475 1
408 996 1
408 731 1
408 179 1
408 509 1
408 338 1
408 411 1
408 558 1
408 737 1
408 826 1
408 882 1
408 605 1
408 82 1
408 875 1
409 846 1
409 148 1
409 670 1
409 952 1
409 545 1
409 559 1
409 499 1
409 590 1
409 383 1
409 405 1
410 331 1
410 371 1
410 228 1
410 736 1
410 248 1
410 438 1
410 617 1
410 763 1
410 121 1
410 114 1
410 820 1
410 914 1
410 658 1
410 240 1
411 671 1
411 1014 1
411 977 1
411 335 1
411 713 1
411 222 1
411 18 1
411 123 1
411 295 1
411 240 1
411 759 1
411 588 1
411 8 1
411 424 1
412 16 1
412 206 1
412 126 1
412 951 1
412 60 1
413 639 1
413 717 1
413 619 1
413 478 1
413 755 1
413 332 1
413 999 1
413 374 1
413 10 1
414 813 1
414 110 1
414 916 1
414 90 1
414 947 1
414 389 1
414 214 1
414 318 1
414 897 1
414 635 1
415 850 1
415 604 1
415 122 1
415 741 1
415 257 1
416 944 1
416 611 1
416 580 1
416 912 1
416 850 1
416 299 1
416 217 1
416 3 1
416 1019 1
417 153 1
417 149 1
417 974 1
417 400 1
417 179 1
417 152 1
418 535 1
418 977 1
418 672 1
418 126 1
418 151 1
418 171 1
418 927 1
418 751 1
418 755 1
418 670 1
418 838 1
419 817 1
419 707 1
419 663 1
419 420 1
419 3 1
419 161 1
419 430 1
419 557 1
419 485 1
420 468 1
420 108 1
420 489 1
420 159 1
420 719 1
420 979 1
420 1001 1
420 444 1
420 792 1
421 780 1
421 770 1
421 644 1
421 408 1
421 1 1
421 141 1
421 399 1
421 317 1
421 239 1
421 478 1
421 686 1
422 306 1
422 10 1
422 157 1
422 548 1
422 391 1
422 399 1
422 874 1
422 274 1
422 665 1
422 676 1
423 290 1
423 354 1
423 874 1
423 224 1
423 791 1
423 904 1
423 930 1
423 114 1
423 759 1
423 41 1
423 645 1
424 918 1
424 435 1
424 142 1
425 205 1
425 306 1
425 201 1
425 248 1
425 299 1
425 816 1
425 428 1
425 465 1
425 1026 1
426 819 1
426 52 1
426 469 1
426 260 1
426 882 1
426 209 1
426 330 1
426 212 1
426 159 1
426 859 1
426 808 1
426 597 1
426 996 1
426 235 1
426 307 1
426 574 1
427 425 1
427 949 1
427 258 1
427 95 1
427 855 1
427 366 1
427 9 1
427 10 1
428 738 1
428 878 1
428 342 1
428 1022 1
428 641 1
428 994 1
428 1016 1
428 680 1
428 68 1
429 184 1
429 753 1
429 201 1
429 916 1
429 1008 1
429 71 1
430 311 1
430 947 1
430 819 1
430 863 1
430 929 1
430 71 1
431 202 1
431 77 1
431 195 1
431 671 1
431 461 1
431 504 1
431 846 1
431 326 1
431 184 1
431 314 1
431 711 1
431 277 1
431 1029 1
431 663 1
431 974 1
432 960 1
432 255 1
432 683 1
432 656 1
432 336 1
432 897 1
432 618 1
432 979 1
432 83 1
433 83 1
433 950 1
433 398 1
433 877 1
433 811 1
433 359 1
433 786 1
433 130 1
433 709 1
433 348 1
433 96 1
433 738 1
434 706 1
434 711 1
434 625 1
434 376 1
434 468 1
434 16 1
434 178 1
434 779 1
435 539 1
435 884 1
435 116 1
435 781 1
435 785 1
435 160 1
435 151 1
435 3 1
435 374 1
435 234 1
435 300 1
436 548 1
436 569 1
436 863 1
436 355 1
436 928 1
436 915 1
436 302 1
436 349 1
436 605 1
436 558 1
437 457 1
437 712 1
437 326 1
437 156 1
437 90 1
438 178 1
438 806 1
438 299 1
438 602 1
438 380 1
438 333 1
438 794 1
438 781 1
438 207 1
438 45 1
438 296 1
438 615 1
438 476 1
438 134 1
438 403 1
439 111 1
439 724 1
439 54 1
439 644 1
439 1015 1
439 421 1
439 874 1
439 520 1
440 960 1
440 890 1
440 632 1
440 287 1
440 213 1
440 756 1
440 212 1
440 753 1
440 965 1
440 697 1
440 1001 1
440 142 1
440 991 1
440 442 1
440 716 1
440 651 1
441 1017 1
441 963 1
441 434 1
441 13 1
441 690 1
441 273 1
441 348 1
441 194 1
441 902 1
442 991 1
442 820 1
442 267 1
442 321 1
442 811 1
442 723 1
442 389 1
442 825 1
442 454 1
442 615 1
442 327 1
442 897 1
443 330 1
443 536 1
443 124 1
443 666 1
443 222 1
443 0 1
443 746 1
443 394 1
444 652 1
444 694 1
444 107 1
444 407 1
444 230 1
444 799 1
444 961 1
444 483 1
444 958 1
444 139 1
444 261 1
445 647 1
445 397 1
445 12 1
445 62 1
445 304 1
445 207 1
445 818 1
445 755 1
445 754 1
445 949 1
446 959 1
446 523 1
446 330 1
446 749 1
446 1022 1
446 208 1
446 614 1
446 30 1
446 358 1
446 950 1
446 559 1
446 681 1
447 864 1
447 564 1
447 271 1
447 636 1
447 949 1
447 627 1
447 251 1
447 349 1
447 507 1
447 369 1
447 836 1
448 566 1
448 434 1
448 588 1
448 917 1
448 213 1
449 98 1
449 675 1
449 116 1
449 538 1
449 392 1
449 299 1
449 174 1
449 729 1
449 112 1
450 410 1
450 19 1
450 774 1
450 504 1
450 671 1
450 958 1
450 287 1
450 810 1
450 465 1
450 859 1
451 923 1
451 173 1
451 627 1
451 985 1
451 981 1
451 652 1
451 916 1
451 117 1
451 376 1
451 571 1
452 273 1
452 258 1
452 733 1
452 943 1
452 393 1
452 589 1
452 127 1
452 1005 1
452 116 1
452 27 1
452 909 1
452 524 1
453 505 1
453 610 1
453 398 1
453 339 1
453 563 1
453 920 1
453 168 1
453 121 1
453 502 1
453 716 1
453 184 1
454 899 1
454 245 1
454 299 1
454 102 1
454 124 1
454 220 1
454 393 1
454 246 1
454 62 1
455 529 1
455 479 1
455 566 1
455 317 1
455 1017 1
455 619 1
455 899 1
455 949 1
455 809 1
455 56 1
455 666 1
455 928 1
455 123 1
455 698 1
455 967 1
455 182 1
455 453 1
456 569 1
456 485 1
456 926 1
456 290 1
456 179 1
457 626 1
457 201 1
457 284 1
457 636 1
457 353 1
457 741 1
458 167 1
458 908 1
458 403 1
458 754 1
458 1003 1
458 247 1
458 174 1
458 99 1
458 794 1
458 859 1
458 408 1
459 409 1
459 563 1
459 422 1
459 672 1
459 543 1
460 442 1
460 818 1
460 435 1
460 801 1
460 493 1
460 902 1
460 71 1
460 517 1
460 836 1
460 198 1
461 542 1
461 622 1
461 278 1
461 475 1
461 423 1
461 787 1
461 825 1
461 673 1
461 143 1
461 719 1
462 488 1
462 469 1
462 608 1
462 312 1
462 179 1
462 292 1
462 989 1
462 452 1
462 45 1
462 685 1
463 481 1
463 708 1
463 312 1
463 614 1
463 1021 1
463 66 1
463 652 1
463 240 1
463 454 1
463 98 1
463 353 1
463 607 1
463 594 1
464 869 1
464 787 1
464 839 1
464 509 1
464 1007 1
464 768 1
464 967 1
464 624 1
465 973 1
465 890 1
465 479 1
465 508 1
465 642 1
465 246 1
466 445 1
466 717 1
466 153 1
466 640 1
466 958 1
466 20 1
466 892 1
466 920 1
466 627 1
466 860 1
466 399 1
467 800 1
467 154 1
467 450 1
467 26 1
467 123 1
467 292 1
467 646 1
467 135 1
467 295 1
467 335 1
467 146 1
468 562 1
468 772 1
468 445 1
468 185 1
468 297 1
468 333 1
468 823 1
468 253 1
468 828 1
468 774 1
468 22 1
468 649 1
469 903 1
469 978 1
469 892 1
469 91 1
469 536 1
469 112 1
469 977 1
469 867 1
469 845 1
469 68 1
469 495 1
469 661 1
469 358 1
469 578 1
469 519 1
469 191 1
470 912 1
470 180 1
470 108 1
470 648 1
470 675 1
470 741 1
470 1000 1
470 49 1
470 775 1
470 399 1
470 25 1
471 173 1
471 497 1
471 240 1
471 492 1
471 372 1
471 908 1
472 448 1
472 111 1
472 88 1
472 349 1
472 465 1
472 430 1
472 576 1
472 437 1
472 902 1
473 211 1
473 423 1
473 760 1
473 518 1
473 1027 1
473 79 1
473 623 1
473 650 1
473 716 1
474 482 1
474 1010 1
474 191 1
474 343 1
474 729 1
474 359 1
474 241 1
474 824 1
474 16 1
474 249 1
474 640 1
474 630 1
474 362 1
475 166 1
475 771 1
475 721 1
475 102 1
475 819 1
475 958 1
475 902 1
475 623 1
476 736 1
476 235 1
476 508 1
476 168 1
476 1024 1
476 248 1
476 381 1
476 9 1
476 83 1
476 687 1
476 174 1
476 650 1
476 510 1
476 773 1
476 430 1
476 994 1
477 876 1
477 194 1
477 310 1
477 382 1
477 611 1
477 290 1
477 493 1
478 374 1
478 678 1
478 631 1
478 767 1
478 525 1
478 305 1
478 879 1
478 522 1
478 96 1
478 243 1
478 814 1
479 875 1
479 931 1
479 30 1
479 794 1
479 76 1
479 733 1
479 866 1
479 196 1
479 929 1
480 187 1
480 547 1
480 440 1
480 111 1
480 830 1
480 412 1
480 423 1
480 427 1
480 67 1
480 1024 1
480 844 1
481 1001 1
481 871 1
481 436 1
481 736 1
481 314 1
481 406 1
481 475 1
481 421 1
481 1002 1
481 19 1
481 712 1
481 779 1
481 601 1
481 833 1
481 335 1
481 104 1
481 757 1
481 727 1
482 728 1
482 611 1
482 219 1
482 227 1
482 67 1
482 150 1
483 764 1
483 152 1
483 433 1
483 757 1
483 165 1
483 507 1
483 599 1
483 19 1
483 847 1
483 946 1
483 37 1
483 312 1
483 610 1
483 94 1
484 797 1
484 737 1
484 941 1
484 901 1
484 570 1
484 606 1
484 569 1
484 368 1
484 905 1
484 383 1
484 795 1
485 925 1
485 310 1
485 373 1
485 838 1
485 74 1
485 911 1
485 392 1
485 407 1
485 466 1
485 869 1
486 85 1
486 1028 1
486 23 1
486 676 1
486 251 1
486 870 1
486 604 1
486 31 1
486 192 1
486 777 1
486 617 1
487 491 1
487 551 1
487 890 1
487 783 1
487 696 1
488 776 1
488 779 1
488 731 1
488 572 1
488 762 1
488 151 1
488 344 1
488 262 1
488 270 1
489 24 1
489 841 1
489 91 1
489 261 1
489 278 1
489 649 1
489 964 1
489 2 1
489 71 1
489 652 1
489 801 1
490 862 1
490 881 1
490 739 1
490 65 1
490 539 1
490 594 1
490 1000 1
490 474 1
490 820 1
490 411 1
490 976 1
491 995 1
491 115 1
491 492 1
491 278 1
491 923 1
491 466 1
491 475 1
492 138 1
492 1029 1
492 815 1
492 388 1
493 806 1
493 171 1
493 624 1
493 788 1
493 879 1
493 60 1
493 574 1
493 569 1
494 325 1
494 330 1
494 725 1
494 319 1
494 877 1
494 539 1
494 25 1
494 578 1
494 817 1
494 847 1
495 777 1
495 427 1
495 223 1
495 910 1
495 621 1
495 306 1
495 527 1
495 689 1
495 836 1
495 515 1
496 1006 1
496 995 1
496 998 1
496 951 1
496 1003 1
496 412 1
496 882 1
496 594 1
496 589 1
496 661 1
497 831 1
497 135 1
497 917 1
497 469 1
497 749 1
497 514 1
497 448 1
497 134 1
497 904 1
497 771 1
497 263 1
497 814 1
497 669 1
497 924 1
498 192 1
498 808 1
498 128 1
498 118 1
498 214 1
498 703 1
498 928 1
498 80 1
498 678 1
498 601 1
498 50 1
498 512 1
498 93 1
498 278 1
499 936 1
499 617 1
499 526 1
499 181 1
499 358 1
500 387 1
500 906 1
500 171 1
500 775 1
500 43 1
500 604 1
500 176 1
500 170 1
500 55 1
500 552 1
500 1000 1
500 1018 1
501 458 1
501 899 1
501 316 1
501 158 1
501 530 1
501 486 1
502 693 1
502 105 1
502 255 1
502 877 1
502 574 1
502 173 1
502 577 1
502 796 1
502 529 1
503 684 1
503 550 1
503 675 1
503 229 1
503 752 1
503 617 1
503 924 1
503 410 1
503 416 1
503 26 1
503 51 1
503 77 1
503 620 1
503 997 1
503 628 1
503 778 1
504 843 1
504 711 1
504 401 1
504 31 1
504 177 1
504 818 1
504 678 1
504 29 1
505 623 1
505 227 1
505 828 1
505 644 1
505 134 1
505 983 1
505 515 1
505 310 1
505 81 1
505 920 1
505 999 1
505 971 1
505 42 1
505 64 1
505 954 1
505 363 1
506 598 1
506 720 1
506 1019 1
506 248 1
506 103 1
507 161 1
507 959 1
507 62 1
507 418 1
507 7 1
507 247 1
507 750 1
507 755 1
507 529 1
507 812 1
507 364 1
507 140 1
508 775 1
508 907 1
508 317 1
508 257 1
508 345 1
508 219 1
508 483 1
508 367 1
509 524 1
509 402 1
509 698 1
509 419 1
509 129 1
509 1002 1
509 688 1
509 125 1
509 987 1
510 866 1
510 580 1
510 581 1
510 926 1
510 599 1
510 1022 1
510 166 1
510 936 1
510 843 1
510 976 1
511 587 1
511 419 1
511 412 1
511 1011 1
511 843 1
511 867 1
511 935 1
511 552 1
511 161 1
511 93 1
512 899 1
512 666 1
512 517 1
512 957 1
512 434 1
512 619 1
512 705 1
512 229 1
512 28 1
512 358 1
513 683 1
513 25 1
513 261 1
513 144 1
513 864 1
513 187 1
513 679 1
513 647 1
513 1021 1
513 75 1
514 622 1
514 855 1
514 773 1
514 834 1
514 818 1
514 163 1
514 41 1
514 39 1
514 301 1
514 200 1
514 970 1
514 664 1
514 54 1
514 485 1
514 138 1
515 363 1
515 248 1
515 299 1
515 572 1
515 877 1
515 874 1
515 338 1
515 678 1
515 234 1
516 865 1
516 849 1
516 795 1
516 192 1
516 824 1
516 694 1
516 138 1
516 38 1
516 995 1
517 19 1
517 471 1
517 488 1
517 3 1
517 704 1
517 67 1
517 478 1
517 40 1
517 71 1
517 343 1
517 462 1
518 976 1
518 81 1
518 497 1
518 98 1
518 451 1
518 852 1
518 939 1
519 428 1
519 481 1
519 493 1
519 415 1
519 926 1
519 781 1
519 332 1
520 266 1
520 508 1
520 414 1
520 936 1
520 967 1
520 291 1
520 493 1
520 543 1
520 765 1
520 73 1
520 795 1
521 860 1
521 440 1
521 568 1
521 6 1
521 475 1
521 654 1
521 670 1
521 336 1
522 753 1
522 951 1
522 121 1
522 166 1
522 286 1
522 902 1
523 845 1
523 940 1
523 786 1
523 989 1
523 464 1
523 410 1
524 353 1
524 71 1
524 48 1
524 239 1
524 915 1
524 441 1
524 775 1
525 345 1
525 389 1
525 207 1
525 364 1
525 447 1
525 909 1
525 476 1
526 896 1
526 436 1
526 227 1
526 246 1
526 210 1
526 103 1
526 972 1
526 6 1
526 519 1
526 230 1
527 853 1
527 317 1
527 184 1
527 882 1
527 960 1
527 336 1
527 109 1
527 315 1
527 218 1
527 975 1
527 731 1
527 598 1
528 65 1
528 421 1
528 18 1
528 942 1
528 647 1
528 790 1
528 301 1
528 913 1
528 909 1
529 522 1
529 999 1
529 34 1
529 99 1
529 56 1
529 772 1
529 665 1
529 553 1
529 218 1
529 955 1
530 375 1
530 523 1
530 215 1
530 80 1
530 177 1
530 69 1
530 406 1
530 731 1
530 881 1
530 130 1
531 50 1
531 816 1
531 471 1
531 133 1
531 465 1
531 599 1
531 425 1
531 1027 1
531 105 1
531 250 1
531 566 1
531 749 1
531 623 1
531 841 1
532 497 1
532 754 1
532 573 1
532 246 1
532 764 1
532 61 1
532 1009 1
532 669 1
533 802 1
533 7 1
533 300 1
533 536 1
533 905 1
534 718 1
534 433 1
534 242 1
534 298 1
534 363 1
534 280 1
535 769 1
535 360 1
535 209 1
535 531 1
535 108 1
535 476 1
535 741 1
535 993 1
535 848 1
535 260 1
536 969 1
536 527 1
536 500 1
536 254 1
536 325 1
536 163 1
536 117 1
536 152 1
536 123 1
536 184 1
536 733 1
536 615 1
536 67 1
536 750 1
536 202 1
536 97 1
536 804 1
537 516 1
537 248 1
537 15 1
537 784 1
537 63 1
537 902 1
537 75 1
537 704 1
537 514 1
537 101 1
538 641 1
538 496 1
538 269 1
538 986 1
538 895 1
539 29 1
539 272 1
539 422 1
539 219 1
539 437 1
539 248 1
539 821 1
539 496 1
539 71 1
539 765 1
540 715 1
540 787 1
540 844 1
540 34 1
540 51 1
540 810 1
540 923 1
540 90 1
540 479 1
540 110 1
540 1025 1
540 833 1
540 37 1
541 842 1
541 138 1
541 410 1
541 3 1
541 664 1
541 682 1
541 101 1
541 583 1
542 894 1
542 373 1
542 399 1
542 46 1
542 309 1
542 806 1
542 367 1
542 597 1
542 776 1
542 602 1
542 304 1
542 881 1
543 531 1
543 117 1
543 161 1
543 629 1
543 1000 1
543 239 1
543 75 1
543 972 1
543 898 1
543 558 1
543 907 1
543 822 1
543 779 1
544 939 1
544 186 1
544 180 1
544 151 1
544 44 1
544 545 1
545 197 1
545 256 1
545 604 1
545 288 1
545 382 1
545 470 1
545 803 1
545 973 1
545 349 1
545 375 1
545 723 1
545 437 1
546 390 1
546 174 1
546 62 1
546 668 1
546 269 1
546 223 1
546 400 1
546 549 1
546 849 1
546 601 1
547 171 1
547 491 1
547 333 1
547 12 1
547 38 1
547 466 1
547 351 1
547 605 1
547 714 1
547 549 1
547 699 1
548 77 1
548 483 1
548 961 1
548 873 1
548 980 1
548 624 1
548 238 1
548 232 1
548 374 1
548 279 1
548 896 1
549 617 1
549 1017 1
549 999 1
549 382 1
549 504 1
549 223 1
549 1029 1
549 414 1
549 78 1
549 263 1
549 542 1
549 929 1
549 388 1
550 132 1
550 636 1
550 795 1
550 16 1
550 871 1
550 389 1
550 168 1
550 1029 1
550 252 1
550 866 1
550 234 1
550 416 1
550 407 1
551 11 1
551 634 1
551 269 1
551 1009 1
551 320 1
551 910 1
551 7 1
551 63 1
551 516 1
551 53 1
551 803 1
551 896 1
551 518 1
551 1003 1
551 392 1
552 728 1
552 604 1
552 264 1
552 228 1
552 193 1
552 817 1
553 69 1
553 89 1
553 82 1
553 940 1
553 549 1
553 731 1
553 162 1
553 817 1
553 309 1
553 907 1
553 783 1
553 1009 1
553 340 1
554 430 1
554 820 1
554 373 1
554 253 1
554 300 1
554 972 1
554 885 1
554 609 1
554 779 1
554 718 1
555 850 1
555 1007 1
555 198 1
555 598 1
555 293 1
555 651 1
555 806 1
555 751 1
555 70 1
555 379 1
555 372 1
556 763 1
556 134 1
556 159 1
556 982 1
556 809 1
557 1011 1
557 981 1
557 352 1
557 167 1
557 264 1
557 799 1
557 180 1
557 106 1
557 385 1
558 603 1
558 748 1
558 731 1
558 271 1
558 776 1
558 224 1
558 556 1
558 808 1
558 459 1
558 150 1
558 80 1
558 905 1
558 315 1
559 693 1
559 282 1
559 273 1
559 544 1
559 138 1
559 928 1
559 945 1
559 585 1
560 862 1
560 184 1
560 943 1
560 492 1
560 760 1
560 54 1
560 488 1
560 584 1
561 287 1
561 873 1
561 917 1
561 527 1
561 523 1
561 336 1
561 222 1
561 883 1
562 70 1
562 317 1
562 607 1
562 122 1
562 215 1
562 1018 1
562 61 1
562 288 1
562 813 1
563 832 1
563 520 1
563 950 1
563 233 1
563 712 1
563 815 1
564 1024 1
564 728 1
564 780 1
564 466 1
564 876 1
564 446 1
564 791 1
564 779 1
564 146 1
564 715 1
564 702 1
564 1023 1
565 879 1
565 204 1
565 777 1
565 737 1
565 331 1
565 13 1
565 697 1
565 515 1
565 524 1
565 128 1
565 607 1
565 742 1
565 96 1
565 951 1
566 686 1
566 925 1
566 877 1
566 422 1
566 241 1
566 931 1
566 664 1
566 866 1
566 640 1
566 1021 1
566 896 1
566 681 1
566 499 1
567 814 1
567 427 1
567 908 1
567 545 1
567 636 1
567 591 1
567 314 1
567 244 1
568 407 1
568 525 1
568 78 1
568 149 1
568 172 1
568 344 1
568 21 1
568 853 1
568 514 1
568 24 1
569 838 1
569 811 1
569 335 1
570 727 1
570 780 1
570 653 1
570 398 1
571 393 1
571 181 1
571 188 1
571 561 1
571 730 1
571 663 1
571 365 1
571 502 1
571 843 1
571 521 1
571 535 1
571 845 1
571 436 1
571 355 1
571 262 1
571 411 1
571 333 1
571 252 1
572 358 1
572 720 1
572 376 1
572 853 1
572 1005 1
572 1009 1
572 914 1
572 181 1
572 238 1
572 790 1
573 698 1
573 815 1
573 713 1
573 198 1
573 592 1
573 168 1
573 316 1
573 644 1
573 296 1
573 858 1
574 44 1
574 425 1
574 193 1
574 290 1
574 123 1
574 359 1
574 725 1
574 454 1
574 298 1
574 90 1
574 217 1
575 511 1
575 624 1
575 622 1
575 380 1
575 869 1
575 643 1
575 395 1
575 180 1
575 522 1
575 516 1
575 615 1
575 962 1
575 35 1
576 37 1
576 730 1
576 270 1
576 983 1
576 916 1
576 54 1
576 13 1
576 124 1
576 844 1
577 66 1
577 493 1
577 770 1
578 538 1
578 216 1
578 791 1
578 412 1
578 448 1
578 997 1
578 364 1
578 583 1
578 794 1
578 426 1
578 486 1
578 967 1
579 595 1
579 188 1
579 466 1
579 888 1
579 582 1
579 92 1
579 115 1
580 24 1
580 697 1
580 1025 1
580 586 1
580 710 1
580 643 1
580 853 1
580 31 1
581 306 1
581 162 1
581 720 1
581 388 1
581 526 1
581 164 1
581 67 1
581 692 1
581 177 1
581 835 1
581 425 1
581 578 1
581 251 1
581 660 1
581 318 1
582 455 1
582 211 1
582 755 1
582 289 1
582 336 1
582 676 1
582 110 1
583 624 1
583 796 1
583 789 1
583 575 1
583 357 1
583 847 1
583 561 1
583 568 1
583 718 1
583 674 1
583 214 1
583 490 1
584 960 1
584 1015 1
584 660 1
584 367 1
584 481 1
584 442 1
584 189 1
584 451 1
584 1004 1
584 728 1
585 952 1
585 1002 1
585 773 1
585 69 1
585 810 1
585 2 1
585 755 1
585 277 1
585 514 1
585 553 1
585 269 1
586 491 1
586 573 1
586 1020 1
586 970 1
586 191 1
586 340 1
586 287 1
586 264 1
586 867 1
586 941 1
587 879 1
587 204 1
587 703 1
587 717 1
587 26 1
587 363 1
588 97 1
588 464 1
588 219 1
588 408 1
588 973 1
588 196 1
588 13 1
588 601 1
588 823 1
588 276 1
588 204 1
588 787 1
588 344 1
589 547 1
589 946 1
589 123 1
589 210 1
589 557 1
589 151 1
589 1012 1
589 433 1
589 52 1
589 944 1
590 900 1
590 321 1
590 543 1
590 866 1
590 438 1
590 359 1
590 631 1
590 947 1
591 459 1
591 416 1
591 501 1
591 697 1
591 647 1
591 497 1
591 202 1
591 685 1
591 893 1
591 649 1
591 758 1
592 303 1
592 724 1
592 422 1
592 634 1
592 687 1
592 816 1
592 487 1
593 44 1
593 531 1
593 776 1
593 341 1
593 585 1
593 990 1
593 211 1
593 882 1
593 114 1
593 545 1
593 662 1
594 142 1
594 211 1
594 706 1
594 833 1
594 285 1
594 732 1
594 327 1
594 134 1
594 332 1
595 735 1
595 511 1
595 32 1
595 349 1
595 654 1
595 948 1
595 878 1
596 427 1
596 301 1
596 351 1
596 68 1
596 679 1
596 1010 1
596 186 1
596 161 1
596 496 1
596 1024 1
597 181 1
597 545 1
597 75 1
597 702 1
597 166 1
598 795 1
598 973 1
598 488 1
598 73 1
598 931 1
598 606 1
598 800 1
598 363 1
598 569 1
598 763 1
598 984 1
598 281 1
599 55 1
599 589 1
599 461 1
599 652 1
599 258 1
599 471 1
599 153 1
600 134 1
600 474 1
600 126 1
600 979 1
600 487 1
600 319 1
601 196 1
601 81 1
601 866 1
601 961 1
601 979 1
601 946 1
601 177 1
601 239 1
601 198 1
601 442 1
601 874 1
601 364 1
601 467 1
601 411 1
602 173 1
602 658 1
602 482 1
602 554 1
602 614 1
603 332 1
603 663 1
603 121 1
603 466 1
603 924 1
603 479 1
603 876 1
603 701 1
603 328 1
604 652 1
604 848 1
604 268 1
604 367 1
604 765 1
604 1013 1
604 365 1
604 195 1
604 28 1
604 631 1
604 486 1
605 655 1
605 2 1
605 19 1
605 151 1
605 55 1
605 693 1
605 451 1
605 694 1
605 506 1
605 331 1
605 705 1
606 893 1
606 102 1
606 942 1
606 541 1
606 749 1
607 924 1
607 985 1
607 575 1
607 94 1
607 387 1
607 526 1
608 402 1
608 32 1
608 562 1
608 580 1
608 210 1
609 246 1
609 991 1
609 296 1
609 916 1
609 263 1
609 572 1
609 380 1
610 802 1
610 203 1
610 359 1
610 737 1
610 465 1
610 670 1
610 315 1
610 416 1
611 600 1
611 731 1
611 14 1
611 13 1
611 189 1
612 886 1
612 351 1
612 852 1
612 894 1
612 380 1
612 1020 1
613 11 1
613 949 1
613 258 1
613 783 1
613 548 1
613 432 1
613 563 1
613 263 1
613 419 1
614 798 1
614 884 1
614 178 1
614 757 1
614 784 1
614 130 1
614 862 1
614 400 1
614 399 1
614 670 1
614 62 1
615 1008 1
615 599 1
615 463 1
615 111 1
615 551 1
615 267 1
615 992 1
615 881 1
615 809 1
615 18 1
615 344 1
615 318 1
615 135 1
615 796 1
616 920 1
616 434 1
616 537 1
616 81 1
616 323 1
616 817 1
616 26 1
616 1000 1
616 411 1
616 215 1
616 374 1
617 620 1
617 559 1
617 766 1
617 340 1
617 989 1
617 387 1
617 788 1
617 626 1
617 730 1
618 70 1
618 9 1
618 533 1
618 59 1
618 813 1
618 13 1
618 715 1
618 124 1
618 759 1
618 700 1
618 736 1
618 896 1
618 844 1
618 716 1
619 646 1
619 272 1
619 601 1
619 344 1
619 370 1
619 40 1
619 297 1
619 299 1
619 949 1
619 56 1
619 1002 1
620 12 1
620 19 1
620 424 1
620 527 1
621 878 1
621 180 1
621 241 1
621 637 1
621 762 1
621 480 1
621 165 1
622 552 1
622 60 1
622 38 1
622 929 1
622 464 1
622 277 1
622 632 1
622 700 1
623 552 1
623 471 1
623 84 1
623 400 1
623 766 1
623 322 1
623 380 1
623 202 1
623 509 1
623 609 1
623 441 1
624 817 1
624 371 1
624 503 1
624 318 1
624 678 1
624 226 1
624 112 1
624 373 1
625 858 1
625 283 1
625 211 1
625 331 1
625 413 1
625 450 1
625 113 1
625 297 1
626 309 1
626 365 1
626 302 1
626 988 1
626 1010 1
626 995 1
627 144 1
627 224 1
627 147 1
627 436 1
627 117 1
627 110 1
627 677 1
627 987 1
627 197 1
627 573 1
627 857 1
628 84 1
628 354 1
628 853 1
628 346 1
628 673 1
628 160 1
628 364 1
629 407 1
629 82 1
629 857 1
629 811 1
629 362 1
629 1010 1
629 894 1
629 881 1
630 864 1
630 185 1
630 13 1
630 970 1
630 105 1
630 581 1
630 240 1
630 594 1
630 427 1
630 16 1
630 722 1
631 912 1
631 566 1
631 373 1
631 902 1
631 43 1
631 1008 1
632 101 1
632 423 1
632 613 1
632 766 1
632 571 1
632 906 1
632 886 1
632 835 1
632 330 1
632 737 1
632 78 1
633 620 1
633 370 1
633 95 1
633 476 1
633 396 1
633 821 1
633 644 1
633 731 1
634 820 1
634 158 1
634 616 1
634 36 1
634 379 1
634 505 1
634 377 1
635 610 1
635 314 1
635 467 1
635 351 1
635 830 1
635 699 1
635 583 1
635 17 1
635 32 1
635 196 1
636 177 1
636 626 1
636 450 1
636 88 1
636 322 1
636 271 1
636 209 1
636 439 1
636 225 1
637 513 1
637 895 1
637 695 1
637 77 1
637 155 1
637 602 1
637 884 1
637 382 1
637 189 1
637 892 1
637 588 1
637 697 1
638 611 1
638 955 1
638 650 1
638 514 1
638 1002 1
638 657 1
638 918 1
639 833 1
639 83 1
639 607 1
639 570 1
639 972 1
639 73 1
639 417 1
639 737 1
640 402 1
640 628 1
640 989 1
640 315 1
640 121 1
640 973 1
640 51 1
640 355 1
640 517 1
640 730 1
640 210 1
640 273 1
640 363 1
640 713 1
641 593 1
641 417 1
641 781 1
641 467 1
642 855 1
642 307 1
642 262 1
642 415 1
642 682 1
642 613 1
643 541 1
643 926 1
643 53 1
643 1018 1
644 1008 1
644 933 1
644 708 1
644 499 1
644 959 1
644 830 1
644 798 1
644 374 1
644 694 1
644 113 1
644 329 1
645 1011 1
645 182 1
645 933 1
645 11 1
645 326 1
645 591 1
645 250 1
645 316 1
645 734 1
645 140 1
646 811 1
646 802 1
646 95 1
646 293 1
646 87 1
646 218 1
646 401 1
646 749 1
646 466 1
646 558 1
646 687 1
646 586 1
647 420 1
647 1012 1
647 790 1
647 839 1
647 170 1
647 258 1
647 484 1
647 695 1
647 719 1
647 223 1
648 67 1
648 235 1
648 511 1
648 251 1
648 43 1
648 309 1
648 370 1
648 533 1
648 579 1
648 74 1
648 880 1
649 1025 1
649 509 1
649 305 1
649 896 1
649 296 1
649 498 1
649 116 1
649 722 1
649 261 1
649 1021 1
649 156 1
649 871 1
650 228 1
650 324 1
650 457 1
650 431 1
650 817 1
650 153 1
650 812 1
650 600 1
650 683 1
650 22 1
651 918 1
651 977 1
651 1007 1
651 870 1
651 1000 1
651 866 1
651 283 1
651 389 1
651 379 1
651 937 1
651 537 1
652 722 1
652 812 1
652 387 1
652 519 1
652 197 1
652 955 1
652 690 1
652 242 1
652 893 1
652 330 1
652 315 1
652 629 1
652 438 1
652 646 1
652 586 1
652 574 1
653 64 1
653 249 1
653 805 1
653 745 1
653 851 1
653 271 1
653 167 1
653 92 1
653 883 1
653 670 1
653 631 1
653 957 1
653 692 1
654 947 1
654 734 1
654 809 1
654 718 1
654 728 1
654 912 1
655 787 1
655 314 1
655 642 1
655 262 1
655 852 1
655 1020 1
655 500 1
655 396 1
655 16 1
655 239 1
655 107 1
655 604 1
655 265 1
656 173 1
656 106 1
656 893 1
656 117 1
656 89 1
656 923 1
656 757 1
656 861 1
656 952 1
656 339 1
656 821 1
656 627 1
656 699 1
656 745 1
656 489 1
657 431 1
657 33 1
657 71 1
657 166 1
657 943 1
657 130 1
657 710 1
657 613 1
657 722 1
657 188 1
658 978 1
658 450 1
658 710 1
658 679 1
658 87 1
658 541 1
658 989 1
658 283 1
658 731 1
659 1016 1
659 229 1
659 445 1
659 449 1
659 660 1
659 196 1
659 358 1
659 528 1
659 848 1
659 425 1
659 954 1
659 471 1
659 110 1
659 762 1
659 943 1
660 751 1
660 659 1
660 137 1
660 253 1
660 723 1
660 985 1
660 529 1
660 1010 1
660 761 1
661 39 1
661 1008 1
661 463 1
662 1 1
662 486 1
662 841 1
662 852 1
662 168 1
662 950 1
662 735 1
662 994 1
662 268 1
662 279 1
663 329 1
663 272 1
663 799 1
663 429 1
663 248 1
663 193 1
663 563 1
663 774 1
664 75 1
664 344 1
664 319 1
664 390 1
664 1014 1
664 715 1
664 46 1
664 951 1
665 401 1
665 873 1
665 422 1
665 466 1
665 282 1
665 135 1
665 584 1
665 180 1
666 1026 1
666 670 1
666 859 1
666 58 1
666 340 1
666 70 1
666 573 1
666 255 1
666 846 1
666 871 1
667 276 1
667 716 1
667 538 1
667 324 1
667 258 1
667 649 1
667 589 1
667 461 1
667 318 1
667 607 1
668 881 1
668 380 1
668 438 1
668 824 1
668 873 1
668 522 1
668 358 1
668 487 1
669 833 1
669 454 1
669 973 1
669 765 1
669 145 1
669 15 1
669 760 1
669 737 1
669 223 1
669 593 1
669 879 1
670 462 1
670 349 1
670 325 1
670 601 1
670 788 1
670 332 1
670 711 1
670 406 1
670 119 1
671 286 1
671 651 1
671 213 1
672 288 1
672 917 1
672 802 1
672 367 1
672 893 1
672 397 1
672 359 1
672 198 1
672 265 1
672 2 1
672 1007 1
672 955 1
672 43 1
673 560 1
673 502 1
673 530 1
673 262 1
673 573 1
673 835 1
673 141 1
673 75 1
673 52 1
673 250 1
673 946 1
673 392 1
673 272 1
674 127 1
674 924 1
674 283 1
674 12 1
674 894 1
674 659 1
674 191 1
674 999 1
674 16 1
674 418 1
675 242 1
675 710 1
675 787 1
675 659 1
675 865 1
675 833 1
675 996 1
676 693 1
676 397 1
676 710 1
676 167 1
676 81 1
676 770 1
676 55 1
676 658 1
676 907 1
676 229 1
676 91 1
676 896 1
676 556 1
676 569 1
676 979 1
676 605 1
677 390 1
677 498 1
677 608 1
677 762 1
677 549 1
677 371 1
677 736 1
678 196 1
678 206 1
678 364 1
678 889 1
678 927 1
678 414 1
678 677 1
678 512 1
678 859 1
678 972 1
678 846 1
678 795 1
679 599 1
679 419 1
679 139 1
679 258 1
679 872 1
679 918 1
679 332 1
679 78 1
679 440 1
680 689 1
680 611 1
680 491 1
680 890 1
680 683 1
680 941 1
680 25 1
680 100 1
680 904 1
681 38 1
681 375 1
681 282 1
681 83 1
681 561 1
681 326 1
681 555 1
681 394 1
681 999 1
681 630 1
682 143 1
682 307 1
682 784 1
682 54 1
682 377 1
682 776 1
682 727 1
682 21 1
682 585 1
682 93 1
683 551 1
683 649 1
683 201 1
683 335 1
683 21 1
683 888 1
683 307 1
683 604 1
683 481 1
683 473 1
683 247 1
683 677 1
683 303 1
683 636 1
683 595 1
683 832 1
683 533 1
684 305 1
684 226 1
684 203 1
684 768 1
684 691 1
684 190 1
684 531 1
684 611 1
685 1024 1
685 38 1
685 327 1
685 110 1
685 113 1
685 805 1
685 440 1
685 499 1
685 436 1
685 971 1
686 758 1
686 1025 1
686 994 1
686 437 1
686 313 1
686 294 1
686 723 1
686 433 1
686 366 1
686 586 1
687 994 1
687 296 1
687 945 1
687 750 1
688 310 1
688 371 1
688 720 1
688 912 1
688 224 1
688 923 1
688 148 1
688 906 1
688 352 1
689 795 1
689 702 1
689 1020 1
689 272 1
689 340 1
689 88 1
689 30 1
689 77 1
689 38 1
690 355 1
690 8 1
690 790 1
690 954 1
690 112 1
690 897 1
690 742 1
690 387 1
690 126 1
690 753 1
690 46 1
690 833 1
690 740 1
690 359 1
691 840 1
691 297 1
691 848 1
691 42 1
692 987 1
692 948 1
692 866 1
692 982 1
692 290 1
692 282 1
692 506 1
692 155 1
693 360 1
693 652 1
693 611 1
693 676 1
693 881 1
693 10 1
693 538 1
693 129 1
693 14 1
694 879 1
694 465 1
694 151 1
694 964 1
694 761 1
694 314 1
694 487 1
694 204 1
694 199 1
695 606 1
695 571 1
695 15 1
695 1005 1
695 622 1
695 974 1
695 557 1
695 638 1
695 234 1
695 310 1
695 219 1
696 233 1
696 953 1
696 664 1
696 832 1
696 186 1
696 545 1
696 81 1
696 335 1
696 766 1
696 396 1
696 86 1
697 170 1
697 130 1
697 808 1
697 738 1
697 79 1
697 616 1
697 71 1
697 955 1
697 45 1
698 903 1
698 248 1
698 106 1
698 439 1
698 112 1
698 362 1
698 1018 1
698 433 1
698 625 1
698 934 1
698 200 1
699 790 1
699 822 1
699 550 1
699 928 1
699 104 1
699 673 1
699 409 1
699 929 1
699 774 1
700 775 1
700 634 1
700 404 1
700 254 1
700 945 1
701 562 1
701 337 1
701 441 1
701 723 1
701 663 1
701 362 1
701 567 1
702 875 1
702 217 1
702 351 1
702 1015 1
702 182 1
702 636 1
702 320 1
702 367 1
702 812 1
702 422 1
702 90 1
702 14 1
702 34 1
703 89 1
703 817 1
703 515 1
703 406 1
703 87 1
703 889 1
703 238 1
703 2 1
703 36 1
703 987 1
703 206 1
703 289 1
703 384 1
703 244 1
703 810 1
703 567 1
704 723 1
704 992 1
704 152 1
704 999 1
704 481 1
704 509 1
704 2 1
704 458 1
704 216 1
705 119 1
705 449 1
705 836 1
705 978 1
705 381 1
705 832 1
705 301 1
705 740 1
705 843 1
705 412 1
705 767 1
706 711 1
706 315 1
706 809 1
706 886 1
706 807 1
706 266 1
706 524 1
706 551 1
706 1004 1
706 78 1
707 822 1
707 898 1
707 940 1
707 449 1
707 139 1
707 642 1
707 52 1
707 506 1
708 842 1
708 489 1
708 262 1
708 360 1
708 86 1
708 288 1
708 132 1
708 346 1
708 59 1
708 491 1
708 102 1
708 849 1
708 971 1
709 272 1
709 660 1
709 686 1
709 607 1
709 728 1
709 149 1
709 235 1
710 547 1
710 233 1
710 160 1
710 408 1
710 670 1
710 41 1
710 309 1
710 917 1
710 574 1
710 958 1
710 393 1
711 515 1
711 552 1
711 462 1
711 662 1
711 448 1
711 812 1
711 80 1
711 547 1
711 219 1
711 36 1
711 996 1
712 1005 1
712 465 1
712 976 1
712 0 1
712 863 1
712 48 1
712 802 1
712 555 1
712 885 1
712 411 1
712 507 1
712 614 1
712 1014 1
712 675 1
712 252 1
712 734 1
712 363 1
713 759 1
713 600 1
713 450 1
713 844 1
713 616 1
713 635 1
713 177 1
713 847 1
713 561 1
713 753 1
713 486 1
713 667 1
713 851 1
714 785 1
714 682 1
714 970 1
714 280 1
714 262 1
714 316 1
714 221 1
714 577 1
715 786 1
715 749 1
715 885 1
715 409 1
715 971 1
715 437 1
715 693 1
715 910 1
715 125 1
715 187 1
716 281 1
716 829 1
716 157 1
716 551 1
716 915 1
716 221 1
716 192 1
716 299 1
716 236 1
716 705 1
716 884 1
716 94 1
716 97 1
717 475 1
717 965 1
717 630 1
717 649 1
717 316 1
718 69 1
718 405 1
718 660 1
718 590 1
718 596 1
718 88 1
718 745 1
718 903 1
718 456 1
718 305 1
718 84 1
718 934 1
719 182 1
719 721 1
719 811 1
719 181 1
719 95 1
720 970 1
721 319 1
721 15 1
721 168 1
721 763 1
721 677 1
721 946 1
721 85 1
722 891 1
722 769 1
722 383 1
722 729 1
722 607 1
722 104 1
722 743 1
722 450 1
722 708 1
722 201 1
722 67 1
723 711 1
723 516 1
723 128 1
723 223 1
723 107 1
723 42 1
723 36 1
723 441 1
724 63 1
724 114 1
724 407 1
724 47 1
724 508 1
724 417 1
724 632 1
724 311 1
724 683 1
725 236 1
725 374 1
725 599 1
726 303 1
726 720 1
726 65 1
726 858 1
726 5 1
726 185 1
726 630 1
727 511 1
727 330 1
727 364 1
727 771 1
727 872 1
727 804 1
727 27 1
727 937 1
727 562 1
727 471 1
728 896 1
728 513 1
728 875 1
728 518 1
728 531 1
728 346 1
728 971 1
728 172 1
728 834 1
729 554 1
729 16 1
729 749 1
729 766 1
729 784 1
729 234 1
729 79 1
729 60 1
729 977 1
729 809 1
729 139 1
729 98 1
730 848 1
730 1012 1
730 472 1
730 264 1
730 317 1
730 860 1
730 424 1
730 194 1
730 665 1
731 155 1
731 354 1
731 389 1
731 103 1
731 1 1
732 669 1
732 769 1
732 73 1
732 252 1
732 296 1
732 961 1
732 327 1
732 385 1
732 159 1
732 577 1
733 465 1
733 866 1
733 386 1
733 820 1
733 243 1
733 692 1
733 423 1
733 420 1
734 330 1
734 260 1
734 651 1
734 845 1
734 640 1
734 98 1
734 125 1
734 131 1
734 633 1
734 477 1
734 615 1
735 404 1
735 1011 1
735 848 1
735 943 1
735 487 1
735 420 1
735 598 1
736 597 1
736 809 1
736 880 1
736 698 1
736 315 1
736 59 1
736 646 1
736 1024 1
736 352 1
737 310 1
737 2 1
737 917 1
737 376 1
737 111 1
737 915 1
737 867 1
737 880 1
738 166 1
738 688 1
738 683 1
738 1020 1
738 832 1
738 686 1
738 386 1
738 435 1
738 172 1
739 506 1
739 353 1
739 595 1
739 725 1
739 542 1
739 32 1
739 313 1
739 955 1
740 837 1
740 715 1
740 895 1
740 764 1
740 904 1
740 562 1
740 167 1
740 490 1
740 126 1
741 156 1
741 146 1
741 238 1
741 759 1
741 553 1
741 663 1
741 359 1
741 932 1
741 861 1
742 164 1
742 75 1
742 634 1
742 413 1
742 77 1
742 198 1
742 710 1
742 48 1
742 472 1
743 136 1
743 814 1
743 466 1
743 48 1
743 148 1
743 258 1
743 804 1
743 593 1
743 996 1
743 53 1
743 710 1
743 292 1
743 155 1
744 446 1
744 982 1
744 193 1
744 1013 1
744 392 1
744 202 1
744 386 1
744 951 1
745 821 1
745 741 1
745 11 1
745 320 1
745 808 1
745 117 1
745 931 1
746 1006 1
746 863 1
746 193 1
746 679 1
746 622 1
746 904 1
746 568 1
746 328 1
747 605 1
747 598 1
747 874 1
747 382 1
747 458 1
747 165 1
747 949 1
747 65 1
747 995 1
747 638 1
747 133 1
748 137 1
748 879 1
748 349 1
748 306 1
748 799 1
748 615 1
748 737 1
749 447 1
749 562 1
749 54 1
749 878 1
749 406 1
749 533 1
750 794 1
750 219 1
750 595 1
750 1026 1
750 193 1
750 246 1
751 386 1
751 87 1
751 330 1
751 27 1
751 976 1
751 336 1
751 181 1
751 475 1
751 394 1
752 307 1
752 640 1
752 76 1
752 344 1
752 956 1
752 904 1
752 217 1
752 762 1
752 500 1
752 13 1
753 996 1
753 260 1
753 963 1
753 253 1
753 720 1
753 592 1
753 794 1
753 293 1
753 384 1
753 435 1
753 639 1
753 658 1
753 631 1
753 456 1
753 196 1
754 667 1
754 102 1
754 415 1
754 522 1
754 958 1
754 486 1
754 998 1
754 828 1
755 326 1
755 368 1
755 230 1
755 390 1
755 955 1
755 134 1
755 293 1
755 838 1
755 922 1
755 618 1
755 584 1
755 266 1
756 324 1
756 129 1
756 806 1
756 748 1
757 635 1
757 289 1
757 491 1
757 579 1
757 514 1
757 869 1
757 431 1
757 597 1
757 933 1
757 180 1
757 1010 1
757 272 1
757 1001 1
758 1002 1
758 824 1
758 836 1
758 812 1
758 459 1
758 349 1
758 1024 1
758 100 1
758 472 1
758 428 1
758 230 1
759 930 1
759 921 1
759 28 1
759 219 1
759 702 1
759 655 1
759 628 1
759 604 1
760 687 1
760 440 1
760 62 1
760 65 1
760 663 1
760 734 1
760 301 1
761 338 1
761 495 1
761 816 1
761 361 1
761 190 1
761 891 1
761 849 1
761 600 1
761 751 1
761 294 1
761 167 1
762 673 1
762 269 1
762 797 1
762 975 1
762 156 1
762 373 1
762 76 1
762 753 1
762 724 1
762 876 1
762 94 1
763 295 1
763 326 1
763 463 1
763 259 1
763 144 1
763 864 1
763 499 1
763 793 1
764 516 1
764 963 1
764 509 1
764 636 1
764 160 1
764 967 1
764 951 1
764 74 1
764 552 1
764 313 1
765 821 1
765 846 1
765 527 1
765 457 1
765 835 1
765 2 1
765 653 1
765 611 1
765 207 1
765 778 1
766 273 1
766 309 1
766 83 1
766 589 1
766 1017 1
766 719 1
767 177 1
767 700 1
767 149 1
767 261 1
767 450 1
767 934 1
767 694 1
767 909 1
767 586 1
768 940 1
768 440 1
768 486 1
768 113 1
768 751 1
768 563 1
769 44 1
769 894 1
769 417 1
769 18 1
769 147 1
769 559 1
769 976 1
769 49 1
769 208 1
769 183 1
769 403 1
769 540 1
770 734 1
770 710 1
770 39 1
770 608 1
770 93 1
770 797 1
770 575 1
770 795 1
770 692 1
770 801 1
771 137 1
771 1003 1
771 1015 1
771 787 1
771 139 1
771 591 1
771 617 1
772 47 1
772 459 1
772 891 1
772 437 1
772 424 1
772 835 1
772 299 1
772 376 1
772 709 1
772 911 1
772 390 1
772 542 1
773 538 1
773 291 1
773 287 1
773 578 1
773 516 1
773 282 1
773 870 1
773 896 1
773 8 1
773 52 1
773 705 1
773 511 1
773 722 1
773 381 1
773 1000 1
773 781 1
774 410 1
774 987 1
774 65 1
774 393 1
774 811 1
774 524 1
774 746 1
774 609 1
774 525 1
775 650 1
775 355 1
775 292 1
775 52 1
775 766 1
775 383 1
775 459 1
776 47 1
776 176 1
776 925 1
776 950 1
776 500 1
776 1 1
776 16 1
776 694 1
776 892 1
776 833 1
777 450 1
777 593 1
777 558 1
777 1006 1
777 905 1
777 305 1
777 867 1
777 959 1
778 613 1
778 589 1
778 185 1
778 912 1
778 360 1
778 892 1
779 71 1
779 535 1
779 571 1
779 744 1
779 250 1
779 785 1
779 161 1
779 1023 1
779 522 1
779 248 1
779 149 1
779 93 1
780 443 1
780 805 1
780 85 1
780 7 1
780 696 1
780 298 1
781 285 1
781 954 1
781 395 1
781 35 1
782 333 1
782 597 1
782 742 1
782 664 1
782 710 1
782 62 1
782 658 1
783 886 1
783 417 1
783 854 1
783 790 1
783 347 1
783 255 1
783 495 1
783 596 1
783 424 1
784 419 1
784 588 1
784 1009 1
784 113 1
784 875 1
784 950 1
785 550 1
785 973 1
785 56 1
785 991 1
785 183 1
785 1023 1
785 413 1
785 199 1
785 659 1
785 660 1
785 845 1
785 187 1
786 337 1
786 274 1
786 399 1
786 242 1
786 728 1
786 318 1
786 167 1
786 539 1
786 26 1
786 605 1
786 959 1
786 217 1
787 499 1
787 152 1
787 921 1
787 197 1
787 871 1
787 273 1
787 202 1
787 770 1
787 1017 1
787 911 1
788 738 1
788 988 1
788 776 1
788 42 1
788 991 1
788 227 1
788 274 1
788 270 1
788 973 1
788 1021 1
789 827 1
789 867 1
789 47 1
789 887 1
790 745 1
790 501 1
790 458 1
790 374 1
790 714 1
790 730 1
790 309 1
790 754 1
791 703 1
791 412 1
791 870 1
791 37 1
791 660 1
791 762 1
791 238 1
791 482 1
791 61 1
791 585 1
791 535 1
791 435 1
791 550 1
792 363 1
792 832 1
792 302 1
792 700 1
793 997 1
793 905 1
793 115 1
793 708 1
793 724 1
793 411 1
793 581 1
793 101 1
793 996 1
793 494 1
793 776 1
794 574 1
794 932 1
794 447 1
794 293 1
794 359 1
795 110 1
795 956 1
795 45 1
795 1017 1
795 256 1
795 30 1
796 594 1
796 251 1
796 561 1
796 108 1
796 892 1
796 374 1
796 845 1
797 664 1
797 556 1
797 457 1
797 486 1
797 1005 1
797 679 1
797 12 1
797 917 1
797 381 1
797 551 1
797 653 1
797 674 1
797 877 1
798 886 1
798 606 1
798 675 1
798 595 1
798 840 1
798 153 1
798 954 1
798 805 1
798 375 1
798 568 1
798 353 1
798 391 1
798 905 1
798 196 1
798 318 1
798 727 1
799 905 1
799 149 1
799 95 1
799 935 1
799 459 1
799 868 1
799 199 1
799 584 1
799 723 1
799 753 1
799 760 1
799 882 1
799 431 1
800 48 1
800 427 1
800 393 1
800 74 1
800 493 1
800 733 1
800 703 1
800 595 1
800 769 1
801 641 1
801 122 1
801 1007 1
801 592 1
801 549 1
801 154 1
801 63 1
801 954 1
801 731 1
801 637 1
801 180 1
801 151 1
801 140 1
801 642 1
801 720 1
801 357 1
802 150 1
802 650 1
802 317 1
802 826 1
802 1009 1
802 434 1
802 5 1
802 736 1
802 710 1
802 437 1
802 190 1
803 818 1
803 694 1
803 589 1
803 727 1
803 974 1
803 13 1
803 91 1
803 143 1
803 640 1
803 185 1
803 428 1
803 922 1
803 1005 1
803 851 1
804 1003 1
804 940 1
804 230 1
804 829 1
804 601 1
804 497 1
804 410 1
804 594 1
804 516 1
804 112 1
804 198 1
805 227 1
805 302 1
805 237 1
805 934 1
805 494 1
805 838 1
805 1005 1
805 1018 1
805 732 1
805 779 1
806 348 1
806 616 1
806 313 1
806 1011 1
806 708 1
806 705 1
806 200 1
806 253 1
806 278 1
806 34 1
806 378 1
806 974 1
807 548 1
807 868 1
807 675 1
807 533 1
807 426 1
807 614 1
807 494 1
807 22 1
807 19 1
807 113 1
807 931 1
808 768 1
808 152 1
808 396 1
808 662 1
808 143 1
808 891 1
808 132 1
808 940 1
808 508 1
808 661 1
809 948 1
809 976 1
809 180 1
809 577 1
809 201 1
809 544 1
809 527 1
810 920 1
810 848 1
810 600 1
810 769 1
810 711 1
811 195 1
811 764 1
811 731 1
811 158 1
811 836 1
811 389 1
811 799 1
811 668 1
812 248 1
812 869 1
812 197 1
812 193 1
812 819 1
813 299 1
813 553 1
813 658 1
813 581 1
813 730 1
813 787 1
813 854 1
813 268 1
813 892 1
813 50 1
813 599 1
813 450 1
813 805 1
813 444 1
814 27 1
814 664 1
814 765 1
814 380 1
814 583 1
814 320 1
814 719 1
814 538 1
814 859 1
814 669 1
815 952 1
815 350 1
815 191 1
815 802 1
815 226 1
815 648 1
815 150 1
815 392 1
816 246 1
816 872 1
816 974 1
816 544 1
816 552 1
816 267 1
816 536 1
816 832 1
816 797 1
816 732 1
816 643 1
816 342 1
816 919 1
817 383 1
817 20 1
817 52 1
817 812 1
817 227 1
817 196 1
817 242 1
817 266 1
817 133 1
817 122 1
818 477 1
818 200 1
818 688 1
818 696 1
818 673 1
818 521 1
818 514 1
819 327 1
819 679 1
819 871 1
819 86 1
819 903 1
819 323 1
819 188 1
819 810 1
819 788 1
819 990 1
819 809 1
819 594 1
819 747 1
819 426 1
819 219 1
820 108 1
820 6 1
820 360 1
820 750 1
820 650 1
820 175 1
820 857 1
821 874 1
821 95 1
821 528 1
821 188 1
821 673 1
821 12 1
821 257 1
821 80 1
822 250 1
822 649 1
822 954 1
822 205 1
822 560 1
822 17 1
822 32 1
822 900 1
823 564 1
823 576 1
823 113 1
823 11 1
823 521 1
823 494 1
823 932 1
823 515 1
824 579 1
824 564 1
824 544 1
824 115 1
824 367 1
824 735 1
824 183 1
824 55 1
825 212 1
825 500 1
825 1022 1
825 815 1
825 311 1
825 862 1
825 644 1
825 983 1
825 993 1
826 163 1
826 415 1
826 349 1
826 222 1
826 836 1
826 424 1
826 722 1
826 534 1
826 361 1
826 276 1
826 212 1
827 728 1
827 109 1
827 429 1
827 2 1
827 676 1
827 453 1
827 489 1
827 7 1
827 697 1
827 523 1
827 447 1
827 172 1
828 597 1
828 911 1
828 615 1
828 88 1
828 437 1
828 887 1
828 472 1
828 511 1
829 688 1
829 458 1
829 275 1
829 979 1
829 596 1
829 784 1
829 527 1
829 652 1
829 1028 1
829 727 1
829 504 1
829 258 1
829 887 1
829 58 1
830 241 1
830 729 1
830 659 1
830 998 1
830 853 1
830 642 1
830 338 1
830 366 1
830 660 1
830 129 1
830 934 1
830 858 1
830 265 1
831 252 1
831 36 1
831 671 1
831 890 1
831 125 1
831 254 1
831 928 1
831 806 1
831 379 1
831 299 1
831 99 1
832 149 1
832 915 1
832 637 1
832 988 1
832 828 1
832 761 1
832 611 1
832 543 1
833 920 1
833 233 1
833 166 1
833 183 1
833 908 1
833 464 1
833 837 1
833 752 1
833 598 1
834 973 1
834 796 1
834 22 1
834 255 1
834 402 1
834 261 1
834 397 1
834 701 1
834 474 1
834 921 1
834 406 1
834 92 1
834 624 1
835 119 1
835 313 1
835 432 1
835 569 1
835 851 1
835 858 1
835 854 1
835 861 1
835 77 1
835 995 1
835 830 1
835 863 1
835 679 1
835 630 1
835 427 1
835 657 1
836 972 1
836 1011 1
836 779 1
836 1013 1
836 999 1
836 132 1
836 759 1
836 882 1
837 625 1
837 580 1
837 38 1
838 707 1
838 697 1
838 139 1
838 527 1
838 637 1
838 138 1
838 910 1
838 996 1
838 517 1
838 127 1
839 337 1
839 966 1
839 281 1
839 300 1
839 357 1
839 215 1
839 489 1
839 666 1
840 172 1
840 702 1
840 54 1
840 602 1
840 982 1
840 972 1
840 924 1
840 955 1
840 687 1
840 346 1
840 890 1
840 573 1
840 74 1
841 413 1
841 514 1
841 237 1
841 804 1
841 544 1
841 750 1
841 543 1
841 611 1
841 136 1
842 836 1
842 75 1
842 851 1
842 949 1
842 754 1
842 217 1
842 26 1
842 337 1
843 299 1
843 1001 1
843 75 1
843 164 1
843 632 1
843 1009 1
843 38 1
843 153 1
843 286 1
843 488 1
844 690 1
844 580 1
844 51 1
844 546 1
844 449 1
844 971 1
844 11 1
844 917 1
844 359 1
844 85 1
845 408 1
845 528 1
845 293 1
845 5 1
845 492 1
845 733 1
845 557 1
845 369 1
845 197 1
846 299 1
846 650 1
846 638 1
846 459 1
846 799 1
846 9 1
846 896 1
846 187 1
846 699 1
846 116 1
847 553 1
847 170 1
847 815 1
847 948 1
847 787 1
847 863 1
847 843 1
847 380 1
847 429 1
847 1013 1
847 559 1
847 336 1
848 354 1
848 688 1
848 325 1
848 668 1
848 189 1
848 945 1
848 371 1
848 10 1
848 409 1
849 700 1
849 672 1
849 215 1
849 760 1
849 743 1
850 222 1
850 406 1
850 623 1
850 832 1
850 78 1
850 896 1
850 778 1
850 681 1
851 341 1
851 359 1
851 432 1
851 190 1
851 323 1
851 641 1
851 214 1
851 954 1
852 516 1
852 643 1
852 420 1
852 177 1
852 532 1
852 612 1
852 376 1
852 326 1
852 849 1
852 277 1
852 906 1
853 733 1
853 235 1
853 17 1
853 974 1
854 771 1
854 579 1
854 310 1
854 119 1
854 533 1
854 195 1
854 798 1
855 335 1
855 460 1
855 205 1
855 922 1
855 6 1
855 550 1
855 996 1
855 777 1
855 663 1
855 551 1
856 475 1
856 125 1
856 751 1
856 284 1
856 424 1
857 125 1
857 250 1
857 409 1
857 24 1
857 111 1
858 997 1
858 872 1
858 124 1
858 181 1
858 816 1
858 946 1
859 542 1
859 914 1
859 779 1
859 584 1
859 873 1
859 807 1
859 257 1
859 473 1
859 284 1
859 616 1
859 979 1
859 440 1
859 378 1
859 396 1
860 249 1
860 564 1
860 616 1
860 327 1
860 663 1
860 559 1
860 970 1
861 560 1
861 737 1
861 945 1
861 107 1
861 190 1
861 130 1
861 49 1
861 587 1
861 168 1
861 618 1
861 364 1
861 358 1
861 583 1
861 126 1
861 714 1
861 469 1
862 126 1
862 654 1
862 113 1
862 675 1
862 640 1
862 87 1
862 602 1
862 315 1
862 173 1
862 994 1
862 22 1
862 650 1
863 517 1
863 504 1
863 479 1
863 954 1
863 248 1
863 7 1
864 539 1
864 859 1
864 101 1
864 93 1
864 181 1
864 118 1
864 346 1
865 142 1
865 709 1
865 219 1
865 768 1
865 867 1
865 98 1
866 728 1
866 696 1
866 507 1
866 779 1
866 227 1
866 29 1
866 820 1
866 1020 1
866 160 1
866 392 1
866 163 1
866 400 1
866 811 1
866 752 1
867 484 1
867 761 1
867 17 1
867 513 1
867 380 1
867 278 1
867 208 1
867 948 1
867 175 1
867 954 1
867 589 1
867 4 1
868 150 1
868 549 1
868 924 1
868 763 1
868 393 1
868 767 1
868 565 1
868 290 1
868 92 1
869 377 1
869 739 1
869 1024 1
869 740 1
869 469 1
869 97 1
869 270 1
869 72 1
869 777 1
869 21 1
870 502 1
870 107 1
870 793 1
870 664 1
870 32 1
870 761 1
870 904 1
870 346 1
870 408 1
870 623 1
870 521 1
870 500 1
871 82 1
871 260 1
871 34 1
871 65 1
871 775 1
871 458 1
872 970 1
872 755 1
872 780 1
872 191 1
872 39 1
872 425 1
872 291 1
872 692 1
873 120 1
873 445 1
873 58 1
873 778 1
873 263 1
873 664 1
873 385 1
873 329 1
873 965 1
873 463 1
873 170 1
873 878 1
874 518 1
874 409 1
874 88 1
874 277 1
874 327 1
874 179 1
874 108 1
874 558 1
874 803 1
874 91 1
875 482 1
875 883 1
875 990 1
875 142 1
875 62 1
875 728 1
875 183 1
875 597 1
875 134 1
876 91 1
876 1 1
876 509 1
876 832 1
876 620 1
876 811 1
876 498 1
876 233 1
876 525 1
876 230 1
876 136 1
876 694 1
877 124 1
877 25 1
877 321 1
877 881 1
877 498 1
877 79 1
877 671 1
878 437 1
878 997 1
878 962 1
878 805 1
878 135 1
878 484 1
878 111 1
878 103 1
878 814 1
878 502 1
878 623 1
879 491 1
879 1023 1
879 172 1
879 380 1
879 370 1
879 136 1
879 327 1
879 925 1
879 628 1
879 194 1
879 472 1
879 8 1
879 581 1
879 653 1
880 972 1
880 208 1
880 796 1
880 917 1
880 504 1
880 323 1
880 966 1
880 544 1
880 69 1
881 445 1
881 570 1
881 739 1
881 712 1
881 238 1
881 847 1
881 446 1
881 140 1
881 485 1
881 287 1
881 91 1
881 166 1
881 587 1
881 99 1
881 730 1
882 576 1
882 937 1
882 513 1
882 559 1
882 148 1
882 80 1
882 59 1
883 867 1
883 729 1
883 939 1
883 1002 1
883 315 1
883 359 1
883 837 1
883 122 1
884 508 1
884 864 1
884 899 1
884 632 1
884 743 1
884 143 1
884 183 1
884 822 1
884 274 1
884 686 1
884 541 1
885 186 1
885 206 1
885 965 1
885 305 1
885 536 1
885 461 1
885 678 1
885 842 1
885 556 1
886 151 1
886 224 1
886 814 1
886 227 1
886 439 1
886 933 1
886 760 1
886 974 1
886 111 1
886 128 1
886 239 1
886 657 1
887 819 1
887 789 1
887 75 1
887 324 1
887 766 1
887 372 1
887 881 1
887 193 1
887 579 1
887 53 1
888 411 1
888 706 1
888 734 1
888 28 1
888 108 1
888 635 1
888 636 1
888 1015 1
889 453 1
889 694 1
889 800 1
889 882 1
889 282 1
889 656 1
889 391 1
889 715 1
889 583 1
889 658 1
890 931 1
890 727 1
890 779 1
890 667 1
890 476 1
890 877 1
890 692 1
891 774 1
891 503 1
891 877 1
891 600 1
891 434 1
891 466 1
891 710 1
891 332 1
891 901 1
891 369 1
891 187 1
891 785 1
891 590 1
891 244 1
892 454 1
892 539 1
892 220 1
892 10 1
892 1002 1
892 780 1
892 303 1
892 972 1
893 753 1
893 981 1
893 106 1
893 613 1
893 801 1
893 399 1
893 502 1
893 352 1
893 1004 1
894 700 1
894 567 1
894 617 1
894 1007 1
894 217 1
894 946 1
894 901 1
894 149 1
894 947 1
894 1004 1
894 863 1
894 156 1
894 236 1
895 111 1
895 529 1
895 748 1
895 730 1
895 219 1
895 739 1
895 615 1
895 628 1
896 486 1
896 448 1
896 932 1
896 799 1
896 484 1
896 201 1
896 203 1
896 139 1
896 916 1
897 407 1
897 458 1
897 760 1
897 632 1
897 793 1
897 433 1
897 733 1
897 622 1
897 843 1
897 552 1
897 596 1
898 102 1
898 329 1
898 798 1
898 259 1
898 830 1
898 229 1
898 804 1
899 649 1
899 35 1
899 945 1
899 10 1
899 817 1
899 915 1
899 364 1
899 654 1
899 523 1
899 223 1
899 510 1
899 1029 1
899 799 1
900 341 1
900 867 1
900 469 1
900 459 1
900 632 1
900 485 1
901 614 1
901 445 1
901 829 1
901 713 1
901 61 1
901 423 1
901 69 1
901 951 1
901 91 1
901 293 1
901 278 1
901 597 1
901 377 1
901 527 1
901 144 1
901 488 1
902 195 1
902 814 1
902 438 1
902 947 1
902 752 1
902 18 1
902 841 1
902 347 1
902 334 1
902 872 1
902 649 1
903 953 1
903 327 1
903 321 1
903 745 1
903 449 1
903 915 1
903 379 1
903 588 1
903 5 1
903 535 1
904 686 1
904 664 1
904 558 1
904 976 1
904 346 1
904 388 1
904 532 1
904 699 1
904 611 1
904 345 1
904 763 1
905 920 1
905 92 1
905 744 1
905 768 1
905 180 1
905 60 1
905 449 1
905 435 1
905 365 1
905 322 1
906 410 1
906 498 1
906 690 1
906 496 1
906 33 1
906 749 1
906 1003 1
906 577 1
906 552 1
906 480 1
907 591 1
907 175 1
907 708 1
907 846 1
907 574 1
907 531 1
907 347 1
907 517 1
907 637 1
907 156 1
907 200 1
907 1022 1
907 28 1
908 303 1
908 522 1
908 813 1
908 558 1
908 533 1
908 334 1
908 386 1
909 287 1
909 428 1
909 1019 1
909 407 1
909 286 1
909 848 1
909 874 1
909 703 1
909 492 1
909 135 1
909 930 1
909 18 1
910 641 1
910 732 1
910 248 1
910 105 1
910 303 1
910 251 1
911 633 1
911 735 1
911 1022 1
911 5 1
911 649 1
911 484 1
911 854 1
911 299 1
911 322 1
911 349 1
912 545 1
912 314 1
912 988 1
912 379 1
912 284 1
912 207 1
912 96 1
912 31 1
912 80 1
912 513 1
913 689 1
913 393 1
913 666 1
913 528 1
913 577 1
913 942 1
913 12 1
913 656 1
913 508 1
913 755 1
913 547 1
914 199 1
914 193 1
914 794 1
914 1009 1
914 958 1
914 521 1
914 339 1
914 204 1
914 904 1
914 946 1
914 972 1
915 637 1
915 70 1
915 897 1
915 887 1
915 299 1
916 187 1
916 674 1
916 1027 1
916 788 1
916 834 1
916 296 1
916 835 1
916 88 1
916 563 1
917 750 1
917 969 1
917 692 1
917 436 1
917 475 1
917 433 1
917 710 1
917 997 1
917 120 1
917 876 1
917 431 1
917 743 1
918 61 1
918 931 1
918 133 1
918 657 1
918 781 1
918 790 1
919 890 1
919 46 1
919 296 1
919 911 1
919 677 1
919 411 1
919 878 1
919 794 1
919 817 1
919 700 1
919 931 1
919 692 1
920 404 1
920 203 1
920 594 1
920 678 1
920 386 1
920 809 1
921 773 1
921 964 1
921 590 1
921 385 1
921 51 1
921 312 1
922 338 1
922 630 1
922 90 1
922 787 1
922 818 1
922 528 1
922 742 1
922 928 1
922 845 1
922 538 1
922 689 1
922 616 1
922 1029 1
922 776 1
923 306 1
923 683 1
923 614 1
923 468 1
923 860 1
923 628 1
923 969 1
923 146 1
923 650 1
924 956 1
924 713 1
924 261 1
924 813 1
924 227 1
924 870 1
924 311 1
924 116 1
924 459 1
925 528 1
925 572 1
925 684 1
925 457 1
925 28 1
925 152 1
925 27 1
925 416 1
925 61 1
925 423 1
925 638 1
926 618 1
926 72 1
926 623 1
926 604 1
926 31 1
926 619 1
926 498 1
926 333 1
926 222 1
926 990 1
926 249 1
926 644 1
926 257 1
926 355 1
926 919 1
927 527 1
927 117 1
927 268 1
928 577 1
928 2 1
928 235 1
928 340 1
928 548 1
928 224 1
928 860 1
928 390 1
928 998 1
929 91 1
929 1007 1
929 368 1
929 641 1
929 802 1
929 97 1
929 437 1
929 780 1
929 605 1
929 841 1
929 68 1
929 629 1
929 455 1
930 745 1
930 783 1
930 264 1
930 654 1
930 729 1
930 887 1
930 870 1
930 204 1
930 297 1
930 266 1
930 350 1
930 27 1
930 169 1
930 605 1
931 700 1
931 284 1
931 335 1
931 448 1
931 423 1
931 586 1
931 967 1
931 513 1
931 386 1
931 452 1
931 347 1
932 77 1
932 724 1
932 409 1
932 340 1
932 1021 1
932 363 1
932 731 1
932 399 1
932 342 1
932 251 1
932 746 1
932 545 1
932 924 1
933 228 1
933 450 1
933 606 1
933 893 1
933 204 1
934 685 1
934 746 1
934 164 1
934 883 1
934 740 1
934 74 1
934 926 1
934 614 1
934 762 1
934 1022 1
935 814 1
935 134 1
935 469 1
935 910 1
935 189 1
935 863 1
935 502 1
935 329 1
935 149 1
936 49 1
936 979 1
936 872 1
936 115 1
936 398 1
936 413 1
936 998 1
936 589 1
936 412 1
936 509 1
936 359 1
936 582 1
936 5 1
937 567 1
937 728 1
937 311 1
937 637 1
937 745 1
937 956 1
937 429 1
937 523 1
937 319 1
937 722 1
937 867 1
937 309 1
938 13 1
938 411 1
938 873 1
938 989 1
938 997 1
938 602 1
938 587 1
938 450 1
938 2 1
939 784 1
939 956 1
939 496 1
939 626 1
939 370 1
939 580 1
940 332 1
940 751 1
940 868 1
940 154 1
940 679 1
940 611 1
940 371 1
940 991 1
940 291 1
941 279 1
941 930 1
941 15 1
941 840 1
941 536 1
941 358 1
941 604 1
941 959 1
941 292 1
941 993 1
941 505 1
942 919 1
942 509 1
942 927 1
942 31 1
942 562 1
942 911 1
943 351 1
943 801 1
943 823 1
943 603 1
943 813 1
943 452 1
943 319 1
943 330 1
944 1024 1
944 318 1
944 527 1
944 215 1
944 393 1
944 100 1
944 644 1
944 117 1
944 945 1
944 757 1
944 51 1
944 361 1
944 351 1
945 403 1
945 775 1
945 402 1
945 217 1
945 3 1
946 109 1
946 797 1
946 222 1
946 882 1
946 246 1
946 497 1
946 746 1
946 50 1
946 204 1
946 387 1
946 782 1
946 576 1
946 438 1
947 797 1
947 621 1
947 315 1
947 707 1
947 771 1
947 431 1
947 874 1
947 486 1
948 5 1
948 220 1
948 812 1
948 704 1
948 809 1
948 471 1
948 855 1
948 62 1
949 944 1
949 1011 1
949 801 1
949 870 1
949 795 1
949 222 1
950 49 1
950 853 1
950 632 1
950 613 1
950 830 1
950 498 1
950 497 1
950 442 1
950 216 1
950 65 1
950 789 1
951 697 1
951 1029 1
951 293 1
951 1022 1
951 146 1
951 193 1
951 8 1
951 922 1
951 328 1
951 773 1
951 122 1
951 296 1
951 298 1
951 986 1
951 145 1
952 968 1
952 422 1
952 999 1
952 570 1
952 305 1
952 883 1
952 158 1
952 275 1
952 0 1
952 592 1
952 45 1
952 807 1
952 647 1
952 429 1
953 678 1
953 516 1
953 450 1
953 381 1
953 42 1
953 797 1
953 643 1
953 658 1
953 1007 1
953 995 1
953 973 1
953 234 1
953 782 1
953 332 1
953 184 1
954 720 1
954 365 1
954 587 1
954 247 1
954 973 1
954 680 1
954 994 1
954 330 1
954 521 1
954 822 1
955 481 1
955 774 1
955 545 1
955 889 1
955 734 1
955 974 1
955 322 1
955 453 1
955 639 1
955 723 1
955 654 1
955 548 1
955 485 1
955 43 1
955 973 1
955 325 1
956 816 1
956 526 1
956 530 1
956 532 1
956 277 1
956 840 1
957 27 1
957 365 1
957 994 1
957 649 1
957 249 1
957 153 1
957 565 1
958 432 1
958 761 1
958 138 1
958 455 1
958 445 1
958 830 1
958 65 1
958 675 1
958 422 1
958 874 1
958 289 1
958 62 1
958 581 1
958 311 1
958 686 1
959 652 1
959 540 1
959 978 1
959 460 1
959 624 1
960 315 1
960 145 1
960 919 1
960 139 1
960 950 1
960 494 1
960 922 1
960 864 1
960 334 1
960 956 1
960 838 1
961 89 1
961 667 1
961 77 1
961 401 1
961 425 1
961 657 1
961 65 1
961 118 1
961 716 1
961 795 1
962 360 1
962 981 1
962 587 1
962 754 1
962 820 1
962 499 1
962 946 1
962 829 1
962 78 1
962 20 1
962 1029 1
963 100 1
963 573 1
963 479 1
963 862 1
963 763 1
963 14 1
963 585 1
963 184 1
963 453 1
963 739 1
963 280 1
963 294 1
963 423 1
964 76 1
964 756 1
964 194 1
964 979 1
964 848 1
964 650 1
965 99 1
965 216 1
965 83 1
965 754 1
965 484 1
965 374 1
965 413 1
966 639 1
966 210 1
966 708 1
966 964 1
966 545 1
966 338 1
966 938 1
966 12 1
966 777 1
966 864 1
966 892 1
966 487 1
966 943 1
967 777 1
967 495 1
967 1019 1
967 525 1
967 951 1
967 284 1
967 185 1
967 124 1
967 469 1
967 347 1
967 850 1
967 849 1
968 627 1
968 508 1
968 643 1
969 440 1
969 572 1
969 305 1
970 502 1
970 1001 1
970 984 1
970 136 1
970 276 1
970 639 1
970 362 1
970 855 1
970 632 1
970 150 1
970 722 1
970 606 1
971 1010 1
971 309 1
971 125 1
971 601 1
971 44 1
971 958 1
971 870 1
971 928 1
971 5 1
971 647 1
971 369 1
971 633 1
972 919 1
972 864 1
972 305 1
972 402 1
972 940 1
972 433 1
972 240 1
972 192 1
972 1016 1
972 49 1
972 30 1
972 640 1
972 817 1
972 322 1
972 258 1
972 228 1
973 251 1
973 714 1
973 846 1
973 38 1
973 1012 1
973 888 1
973 542 1
974 972 1
974 299 1
974 318 1
974 654 1
974 464 1
974 2 1
974 389 1
974 161 1
975 48 1
975 56 1
975 613 1
975 349 1
975 439 1
975 146 1
975 497 1
976 591 1
976 772 1
976 183 1
976 78 1
976 18 1
976 101 1
976 308 1
976 547 1
976 592 1
977 690 1
977 359 1
977 408 1
977 98 1
977 114 1
977 758 1
977 788 1
977 174 1
977 526 1
978 303 1
978 460 1
978 445 1
978 840 1
978 586 1
978 777 1
978 856 1
978 915 1
979 17 1
979 335 1
979 138 1
979 21 1
979 921 1
979 908 1
979 364 1
979 626 1
979 507 1
979 858 1
979 94 1
980 864 1
980 791 1
980 574 1
980 706 1
980 121 1
980 305 1
980 507 1
980 49 1
980 834 1
980 368 1
980 905 1
981 216 1
981 806 1
981 1012 1
981 323 1
981 286 1
981 480 1
981 876 1
981 46 1
981 523 1
981 185 1
981 230 1
981 752 1
981 406 1
981 900 1
982 566 1
982 499 1
982 46 1
982 496 1
982 302 1
982 141 1
982 909 1
982 618 1
982 660 1
982 1021 1
983 497 1
983 626 1
983 428 1
983 96 1
983 337 1
983 28 1
983 217 1
983 476 1
983 437 1
983 825 1
983 732 1
983 702 1
984 692 1
984 202 1
984 702 1
985 214 1
985 497 1
985 584 1
985 999 1
985 576 1
985 886 1
985 356 1
985 80 1
985 45 1
985 961 1
985 723 1
985 458 1
985 807 1
985 364 1
985 339 1
985 115 1
986 747 1
986 897 1
986 1008 1
986 613 1
987 32 1
987 1022 1
987 808 1
987 944 1
987 207 1
987 1024 1
987 343 1
987 551 1
987 802 1
987 1027 1
988 351 1
988 556 1
988 596 1
988 208 1
988 303 1
988 797 1
988 770 1
988 268 1
989 137 1
989 312 1
989 167 1
989 647 1
989 563 1
989 216 1
989 145 1
989 552 1
989 810 1
990 531 1
990 226 1
990 765 1
990 825 1
990 707 1
990 988 1
990 157 1
990 348 1
991 377 1
991 696 1
991 473 1
991 99 1
991 562 1
991 71 1
991 814 1
991 128 1
991 45 1
991 666 1
991 194 1
991 508 1
992 347 1
992 807 1
992 238 1
992 651 1
992 997 1
992 858 1
992 1018 1
992 927 1
992 252 1
993 171 1
993 351 1
993 864 1
993 113 1
993 89 1
993 72 1
994 189 1
994 135 1
994 792 1
994 731 1
994 502 1
994 500 1
994 382 1
995 15 1
995 210 1
995 396 1
995 663 1
995 115 1
995 234 1
995 408 1
995 193 1
995 804 1
995 487 1
995 1025 1
995 343 1
995 563 1
995 142 1
995 219 1
995 525 1
995 107 1
996 856 1
996 548 1
996 213 1
996 405 1
996 974 1
996 929 1
996 354 1
996 643 1
997 156 1
997 524 1
997 421 1
997 163 1
997 354 1
997 196 1
997 637 1
997 635 1
997 960 1
997 896 1
998 851 1
998 126 1
998 177 1
998 717 1
998 663 1
998 766 1
998 142 1
998 693 1
998 761 1
998 520 1
998 722 1
998 319 1
998 776 1
998 780 1
999 139 1
999 271 1
999 105 1
999 389 1
999 990 1
999 727 1
999 692 1
999 961 1
999 856 1
1000 66 1
1000 70 1
1000 789 1
1000 1012 1
1000 197 1
1000 870 1
1000 134 1
1000 628 1
1000 470 1
1000 847 1
1000 719 1
1000 281 1
1000 650 1
1001 629 1
1001 501 1
1001 349 1
1001 975 1
1001 857 1
1001 509 1
1001 731 1
1001 96 1
1001 694 1
1001 868 1
1002 703 1
1002 351 1
1002 603 1
1002 848 1
1002 191 1
1002 142 1
1002 79 1
1002 708 1
1002 821 1
1002 697 1
1003 212 1
1003 550 1
1003 646 1
1003 18 1
1004 760 1
1004 32 1
1004 287 1
1004 457 1
1004 584 1
1004 480 1
1004 633 1
1004 212 1
1004 324 1
1004 753 1
1005 245 1
1005 51 1
1006 823 1
1006 439 1
1006 650 1
1006 376 1
1006 895 1
1006 861 1
1006 541 1
1006 997 1
1007 846 1
1007 732 1
1007 578 1
1007 998 1
1007 105 1
1007 338 1
1007 286 1
1007 1008 1
1007 939 1
1008 231 1
1008 439 1
1008 524 1
1008 1022 1
1008 122 1
1008 537 1
1008 42 1
1008 390 1
1008 569 1
1008 707 1
1008 734 1
1009 507 1
1009 970 1
1009 506 1
1009 963 1
1009 91 1
1009 196 1
1009 909 1
1009 457 1
1010 752 1
1010 426 1
1010 705 1
1010 315 1
1010 787 1
1010 879 1
1010 10 1
1010 821 1
1010 677 1
1010 439 1
1010 368 1
1010 440 1
1010 963 1
1011 319 1
1011 311 1
1011 476 1
1011 63 1
1011 669 1
1011 298 1
1011 35 1
1011 976 1
1011 1005 1
1011 806 1
1012 256 1
1012 291 1
1012 1018 1
1012 577 1
1012 126 1
1012 934 1
1012 360 1
1012 167 1
1013 980 1
1013 806 1
1013 1022 1
1013 1003 1
1013 556 1
1013 677 1
1014 91 1
1014 572 1
1014 296 1
1014 882 1
1014 61 1
1014 684 1
1014 935 1
1015 477 1
1015 993 1
1015 129 1
1015 863 1
1015 233 1
1015 798 1
1015 376 1
1015 723 1
1015 379 1
1015 875 1
1015 390 1
1015 384 1
1015 463 1
1015 589 1
1016 227 1
1016 827 1
1016 256 1
1016 431 1
1016 999 1
1016 855 1
1016 819 1
1016 696 1
1016 634 1
1017 927 1
1017 931 1
1017 484 1
1017 532 1
1017 403 1
1017 518 1
1017 597 1
1017 870 1
1017 849 1
1017 799 1
1017 104 1
1017 236 1
1018 612 1
1018 799 1
1018 709 1
1018 854 1
1018 833 1
1018 456 1
1018 722 1
1018 294 1
1018 742 1
1018 263 1
1018 443 1
1018 361 1
1019 805 1
1019 277 1
1019 690 1
1019 668 1
1019 106 1
1019 503 1
1019 437 1
1019 248 1
1019 292 1
1020 950 1
1020 438 1
1020 482 1
1020 833 1
1020 455 1
1020 932 1
1020 732 1
1021 159 1
1021 969 1
1021 111 1
1021 366 1
1021 994 1
1021 94 1
1021 469 1
1021 115 1
1021 529 1
1021 262 1
1021 713 1
1022 805 1
1022 497 1
1022 201 1
1022 502 1
1022 968 1
1022 812 1
1022 857 1
1022 41 1
1022 354 1
1023 715 1
1023 771 1
1023 245 1
1023 462 1
1023 800 1
1023 368 1
1023 240 1
1023 256 1
1023 171 1
1023 371 1
1023 806 1
1023 349 1
1023 859 1
1023 49 1
1023 431 1
1024 890 1
1024 391 1
1024 249 1
1024 474 1
1024 696 1
1024 663 1
1025 915 1
1025 1020 1
1025 210 1
1025 972 1
1025 224 1
1025 107 1
1026 671 1
1026 132 1
1026 539 1
1026 371 1
1026 987 1
1026 151 1
1026 216 1
1026 447 1
1026 1004 1
1026 524 1
1026 51 1
1026 657 1
1026 556 1
1026 247 1
1026 221 1
1026 571 1
1026 506 1
1027 44 1
1027 49 1
1027 376 1
1027 392 1
1027 750 1
1027 1014 1
1027 1019 1
1027 709 1
1027 740 1
1027 862 1
1027 132 1
1028 464 1
1028 590 1
1028 732 1
1028 101 1
1028 947 1
1028 471 1
1028 598 1
1028 282 1
1028 540 1
1028 454 1
1029 477 1
1029 586 1
1029 615 1
1029 587 1
1029 858 1
1029 801 1
1029 29 1
1029 112 1
1029 197 1
1029 728 1
1029 447 1
1029 315 1
1029 165 1
