# Nodes: 70 Edges: 600
0 49 1
0 22 1
0 61 1
0 24 1
0 69 1
0 5 1
1 25 1
1 35 1
1 11 1
1 4 1
1 54 1
1 44 1
1 2 1
1 62 1
1 29 1
2 3 1
2 28 1
2 41 1
2 39 1
2 15 1
2 58 1
2 13 1
2 23 1
3 67 1
3 39 1
3 1 1
3 18 1
3 13 1
3 55 1
4 63 1
4 21 1
4 67 1
4 8 1
4 56 1
4 3 1
4 68 1
5 39 1
5 10 1
5 37 1
5 3 1
5 6 1
5 45 1
5 40 1
5 66 1
5 64 1
6 31 1
6 9 1
6 27 1
6 65 1
6 40 1
6 61 1
6 26 1
6 13 1
7 61 1
7 38 1
7 2 1
7 26 1
7 69 1
7 64 1
7 43 1
7 46 1
7 54 1
7 40 1
8 40 1
8 57 1
8 63 1
8 56 1
8 9 1
8 13 1
8 67 1
8 43 1
8 27 1
8 7 1
9 39 1
9 48 1
9 2 1
9 21 1
9 27 1
9 51 1
9 23 1
9 62 1
9 25 1
10 2 1
10 34 1
10 15 1
10 17 1
10 5 1
10 59 1
10 38 1
10 28 1
10 9 1
11 57 1
11 29 1
11 51 1
11 24 1
11 32 1
11 0 1
11 8 1
11 54 1
11 68 1
11 12 1
11 65 1
11 62 1
12 62 1
12 26 1
12 23 1
12 40 1
12 54 1
12 52 1
12 69 1
12 60 1
12 31 1
12 16 1
12 9 1
12 42 1
13 40 1
13 26 1
13 19 1
13 38 1
13 51 1
14 37 1
14 5 1
14 57 1
14 32 1
14 26 1
14 45 1
15 63 1
15 37 1
15 1 1
15 56 1
15 6 1
16 1 1
16 43 1
16 26 1
16 68 1
16 8 1
16 64 1
16 36 1
16 32 1
16 51 1
16 13 1
16 37 1
17 8 1
17 33 1
17 9 1
17 56 1
17 6 1
17 20 1
17 32 1
17 51 1
17 67 1
17 58 1
17 16 1
18 33 1
18 69 1
18 36 1
19 18 1
19 50 1
19 61 1
19 9 1
19 48 1
19 1 1
19 67 1
19 7 1
19 35 1
20 57 1
20 53 1
20 65 1
20 41 1
21 64 1
21 20 1
21 68 1
21 59 1
21 38 1
21 17 1
21 50 1
21 32 1
21 18 1
22 23 1
22 19 1
22 9 1
22 12 1
22 33 1
22 14 1
22 30 1
22 50 1
22 64 1
22 38 1
23 40 1
23 52 1
23 64 1
23 27 1
24 67 1
24 57 1
24 55 1
24 23 1
24 65 1
25 64 1
25 44 1
25 41 1
25 21 1
25 63 1
25 9 1
25 10 1
25 48 1
25 29 1
26 55 1
26 22 1
26 49 1
26 19 1
26 59 1
27 6 1
27 58 1
27 68 1
27 61 1
27 49 1
27 18 1
27 60 1
28 67 1
28 2 1
28 17 1
28 25 1
28 38 1
28 31 1
29 30 1
29 5 1
29 23 1
30 53 1
30 20 1
30 40 1
30 42 1
30 54 1
30 12 1
30 48 1
30 26 1
31 42 1
31 48 1
31 34 1
31 7 1
31 52 1
31 30 1
31 50 1
32 4 1
32 61 1
32 69 1
32 12 1
32 31 1
32 18 1
32 68 1
32 2 1
32 0 1
33 13 1
33 23 1
33 62 1
33 26 1
33 42 1
33 31 1
33 65 1
33 32 1
33 50 1
34 14 1
34 12 1
34 42 1
34 39 1
34 65 1
34 9 1
34 59 1
34 51 1
34 37 1
34 45 1
34 52 1
34 58 1
35 65 1
35 15 1
35 22 1
35 1 1
35 47 1
35 61 1
36 2 1
36 18 1
36 13 1
36 25 1
37 15 1
37 58 1
37 64 1
37 68 1
37 40 1
37 45 1
37 2 1
37 20 1
37 65 1
37 13 1
38 36 1
38 26 1
38 68 1
38 65 1
38 12 1
38 18 1
38 54 1
38 37 1
38 46 1
39 25 1
39 5 1
39 13 1
39 38 1
39 55 1
39 21 1
39 51 1
39 59 1
39 57 1
39 1 1
39 48 1
39 56 1
40 16 1
40 41 1
40 63 1
41 5 1
41 56 1
41 50 1
41 43 1
41 52 1
42 34 1
42 62 1
42 15 1
42 31 1
42 45 1
42 2 1
43 53 1
43 54 1
43 29 1
43 35 1
43 63 1
43 65 1
43 62 1
43 22 1
43 34 1
43 15 1
43 30 1
43 33 1
43 37 1
43 9 1
44 29 1
44 0 1
44 37 1
44 68 1
44 39 1
44 33 1
44 54 1
44 6 1
44 17 1
44 9 1
44 32 1
44 49 1
44 7 1
45 58 1
45 17 1
45 29 1
45 52 1
45 34 1
45 20 1
45 37 1
45 22 1
46 10 1
46 47 1
46 69 1
46 3 1
46 37 1
46 19 1
46 43 1
46 53 1
46 2 1
47 11 1
47 43 1
47 21 1
47 49 1
47 62 1
47 53 1
47 61 1
47 60 1
47 8 1
47 4 1
47 55 1
48 27 1
48 9 1
48 26 1
48 32 1
48 14 1
48 10 1
48 12 1
48 64 1
48 2 1
49 55 1
49 65 1
49 36 1
49 7 1
49 58 1
49 15 1
50 18 1
50 41 1
50 40 1
50 43 1
50 51 1
50 14 1
50 29 1
50 11 1
50 7 1
51 65 1
51 9 1
51 22 1
51 40 1
51 29 1
51 20 1
51 23 1
51 15 1
51 59 1
51 69 1
51 48 1
51 34 1
52 25 1
52 7 1
52 34 1
52 35 1
53 12 1
53 22 1
53 2 1
53 38 1
53 18 1
53 35 1
53 15 1
53 68 1
53 13 1
53 20 1
53 67 1
54 27 1
54 51 1
54 8 1
54 41 1
54 20 1
54 30 1
54 56 1
54 38 1
54 1 1
55 48 1
55 68 1
55 50 1
55 35 1
55 53 1
55 31 1
55 47 1
56 63 1
56 30 1
56 16 1
56 32 1
56 36 1
56 25 1
57 34 1
57 21 1
57 48 1
57 33 1
57 3 1
57 67 1
57 68 1
57 4 1
58 37 1
58 3 1
58 35 1
58 5 1
58 45 1
59 66 1
59 33 1
59 65 1
59 49 1
59 35 1
59 1 1
60 48 1
60 19 1
60 47 1
60 21 1
60 42 1
61 31 1
61 28 1
61 13 1
61 58 1
61 9 1
61 45 1
61 39 1
61 26 1
62 3 1
62 45 1
62 17 1
62 27 1
62 53 1
62 51 1
62 34 1
62 68 1
62 64 1
63 60 1
63 13 1
63 50 1
63 14 1
63 16 1
63 69 1
64 54 1
64 50 1
64 41 1
64 56 1
64 26 1
64 69 1
64 61 1
64 28 1
65 13 1
65 26 1
65 4 1
65 22 1
65 60 1
65 55 1
65 35 1
65 49 1
65 38 1
65 53 1
65 56 1
65 62 1
66 50 1
66 26 1
66 64 1
66 24 1
66 3 1
67 21 1
67 41 1
67 25 1
67 0 1
67 20 1
67 16 1
67 15 1
67 17 1
67 60 1
67 33 1
67 54 1
67 22 1
67 38 1
68 30 1
68 58 1
68 54 1
68 64 1
68 48 1
68 50 1
68 1 1
68 20 1
68 57 1
68 43 1
69 28 1
69 60 1
69 11 1
69 4 1
69 5 1
69 38 1
69 36 1
69 66 1
69 64 1
69 54 1
69 29 1
69 57 1
69 9 1
69 33 1
