# Nodes: 130 Edges: 1000
0 99 1
0 22 1
0 15 1
0 110 1
1 122 1
1 98 1
1 89 1
1 116 1
2 88 1
2 33 1
2 58 1
2 65 1
2 8 1
2 99 1
2 42 1
2 112 1
2 57 1
2 80 1
2 30 1
3 51 1
3 71 1
3 23 1
3 75 1
3 96 1
3 38 1
3 125 1
3 99 1
3 68 1
3 62 1
3 76 1
4 101 1
4 83 1
4 15 1
4 23 1
4 118 1
4 116 1
4 47 1
4 94 1
4 46 1
4 71 1
4 40 1
4 112 1
4 2 1
5 6 1
5 2 1
5 104 1
5 78 1
5 31 1
5 79 1
5 26 1
5 16 1
5 91 1
5 112 1
6 69 1
6 123 1
6 102 1
6 112 1
6 107 1
6 21 1
6 46 1
7 56 1
7 120 1
7 62 1
7 3 1
7 127 1
7 37 1
7 103 1
7 122 1
7 96 1
7 49 1
8 122 1
8 80 1
8 126 1
8 64 1
8 11 1
8 69 1
8 33 1
9 41 1
9 55 1
9 15 1
9 42 1
9 113 1
9 7 1
9 49 1
9 114 1
9 108 1
10 104 1
10 6 1
10 83 1
10 70 1
10 28 1
10 61 1
10 68 1
10 116 1
10 17 1
10 44 1
10 96 1
10 36 1
11 69 1
11 61 1
11 117 1
11 78 1
11 64 1
12 54 1
12 44 1
12 53 1
12 17 1
12 92 1
12 99 1
12 71 1
13 55 1
13 117 1
13 28 1
13 93 1
13 94 1
13 114 1
13 75 1
14 5 1
14 66 1
14 34 1
14 112 1
14 129 1
14 111 1
14 74 1
15 76 1
15 44 1
15 80 1
15 63 1
15 113 1
15 109 1
15 117 1
16 10 1
16 81 1
16 11 1
16 63 1
16 113 1
16 58 1
16 118 1
16 4 1
17 113 1
17 19 1
17 27 1
17 68 1
17 47 1
17 81 1
17 18 1
18 19 1
18 2 1
18 65 1
18 50 1
18 61 1
18 124 1
18 70 1
18 27 1
19 57 1
19 44 1
19 128 1
19 41 1
19 39 1
19 10 1
19 43 1
19 79 1
19 6 1
20 71 1
20 113 1
20 11 1
20 18 1
20 43 1
20 120 1
21 4 1
21 31 1
21 57 1
21 104 1
21 8 1
21 58 1
22 24 1
22 76 1
22 56 1
22 109 1
22 113 1
22 128 1
23 65 1
23 102 1
23 120 1
23 78 1
23 85 1
23 2 1
24 124 1
24 34 1
24 90 1
24 51 1
24 72 1
24 9 1
25 47 1
25 53 1
25 80 1
25 68 1
25 102 1
25 58 1
25 117 1
25 63 1
25 33 1
25 85 1
25 56 1
26 81 1
26 76 1
26 95 1
26 28 1
26 99 1
26 108 1
26 101 1
27 64 1
27 11 1
27 6 1
27 91 1
27 103 1
27 39 1
27 24 1
27 122 1
27 83 1
28 64 1
28 90 1
28 56 1
28 98 1
28 86 1
29 117 1
29 10 1
29 115 1
29 52 1
29 77 1
29 122 1
29 44 1
29 9 1
29 128 1
29 61 1
29 110 1
29 95 1
29 112 1
30 126 1
30 85 1
30 110 1
30 75 1
30 32 1
30 12 1
30 51 1
30 47 1
30 62 1
30 118 1
30 73 1
30 57 1
31 38 1
31 54 1
31 80 1
32 52 1
32 124 1
32 8 1
32 101 1
32 75 1
32 38 1
32 86 1
32 128 1
33 66 1
33 52 1
33 46 1
33 110 1
33 60 1
34 16 1
34 43 1
34 26 1
34 54 1
34 13 1
34 81 1
34 65 1
34 120 1
34 6 1
35 32 1
35 112 1
35 102 1
35 73 1
35 43 1
35 113 1
35 49 1
35 42 1
35 120 1
36 14 1
36 41 1
36 110 1
37 51 1
37 14 1
37 4 1
37 33 1
37 98 1
37 7 1
37 30 1
37 126 1
37 88 1
38 36 1
38 118 1
38 15 1
38 98 1
38 105 1
38 66 1
38 58 1
38 25 1
38 13 1
39 25 1
39 19 1
39 97 1
39 27 1
39 90 1
40 12 1
40 51 1
40 42 1
40 9 1
40 68 1
40 125 1
41 64 1
41 83 1
41 33 1
41 20 1
41 74 1
41 110 1
42 40 1
42 83 1
42 129 1
42 113 1
42 65 1
42 64 1
42 4 1
42 102 1
42 110 1
43 128 1
43 69 1
43 9 1
43 91 1
43 70 1
44 123 1
44 24 1
44 110 1
44 61 1
44 101 1
44 21 1
44 8 1
44 82 1
44 25 1
44 1 1
44 17 1
45 46 1
45 76 1
45 81 1
45 39 1
45 87 1
45 37 1
45 77 1
45 127 1
46 53 1
46 115 1
46 117 1
46 129 1
46 121 1
46 7 1
46 114 1
46 88 1
46 56 1
47 105 1
47 55 1
47 30 1
47 54 1
48 112 1
48 129 1
48 43 1
49 104 1
49 110 1
49 46 1
49 41 1
49 101 1
49 117 1
50 63 1
50 104 1
50 16 1
50 28 1
50 53 1
51 88 1
51 83 1
51 2 1
51 13 1
51 62 1
52 110 1
52 44 1
52 66 1
52 19 1
52 13 1
52 1 1
52 76 1
53 25 1
53 113 1
53 121 1
53 38 1
53 5 1
53 102 1
53 92 1
53 94 1
53 6 1
53 91 1
54 12 1
54 68 1
54 37 1
54 120 1
54 75 1
54 84 1
55 125 1
55 123 1
55 71 1
55 116 1
55 42 1
55 102 1
55 49 1
55 119 1
56 12 1
56 34 1
56 51 1
56 59 1
56 68 1
57 61 1
57 51 1
57 76 1
57 80 1
57 60 1
57 58 1
57 88 1
57 20 1
57 1 1
58 99 1
58 6 1
58 100 1
58 36 1
58 121 1
58 22 1
58 96 1
59 56 1
59 124 1
59 100 1
59 60 1
59 29 1
59 13 1
59 46 1
59 11 1
59 109 1
59 126 1
59 63 1
59 116 1
59 20 1
59 91 1
60 85 1
60 108 1
60 91 1
60 54 1
60 61 1
61 107 1
61 40 1
61 86 1
61 24 1
61 35 1
61 100 1
61 41 1
61 91 1
61 18 1
61 60 1
61 96 1
62 56 1
62 102 1
62 7 1
62 53 1
62 125 1
62 101 1
62 9 1
63 96 1
63 68 1
63 108 1
63 101 1
63 28 1
63 113 1
63 39 1
64 33 1
64 122 1
64 16 1
64 45 1
64 83 1
64 39 1
64 36 1
64 69 1
64 57 1
64 108 1
64 78 1
64 58 1
65 8 1
65 33 1
65 57 1
65 64 1
65 14 1
65 79 1
65 39 1
65 112 1
65 117 1
65 0 1
66 70 1
66 62 1
66 94 1
66 6 1
66 102 1
67 105 1
67 117 1
67 111 1
67 16 1
67 14 1
67 89 1
67 5 1
67 99 1
67 64 1
68 28 1
68 24 1
68 93 1
68 18 1
68 21 1
68 48 1
68 125 1
68 32 1
68 75 1
68 44 1
68 79 1
68 105 1
69 63 1
69 103 1
69 75 1
69 13 1
69 67 1
70 2 1
70 109 1
70 53 1
70 122 1
70 85 1
70 31 1
71 50 1
71 49 1
71 122 1
71 45 1
71 106 1
71 16 1
71 89 1
71 90 1
71 22 1
72 127 1
72 4 1
72 67 1
72 39 1
73 105 1
73 107 1
73 126 1
73 57 1
73 6 1
73 63 1
73 12 1
73 88 1
74 5 1
74 60 1
74 1 1
74 53 1
74 99 1
75 129 1
75 81 1
75 127 1
75 24 1
75 111 1
75 10 1
75 65 1
76 40 1
76 69 1
76 1 1
76 109 1
77 53 1
77 8 1
77 80 1
77 56 1
77 100 1
77 81 1
77 101 1
77 75 1
77 43 1
77 35 1
77 1 1
78 100 1
78 27 1
78 102 1
78 114 1
78 96 1
78 4 1
78 51 1
78 23 1
79 98 1
79 76 1
79 64 1
79 111 1
79 102 1
79 22 1
79 19 1
79 78 1
79 56 1
80 106 1
80 40 1
80 101 1
80 122 1
80 98 1
81 77 1
81 110 1
81 90 1
81 28 1
81 22 1
81 113 1
81 37 1
81 80 1
81 98 1
81 101 1
81 45 1
82 0 1
82 71 1
82 124 1
82 15 1
82 101 1
82 114 1
82 55 1
82 21 1
82 43 1
83 128 1
83 17 1
83 100 1
83 86 1
83 104 1
83 89 1
83 103 1
83 43 1
83 95 1
83 18 1
84 56 1
84 86 1
84 62 1
84 30 1
85 25 1
85 4 1
85 94 1
85 81 1
86 109 1
86 87 1
86 43 1
86 92 1
86 124 1
86 36 1
86 62 1
86 75 1
86 106 1
86 44 1
87 29 1
87 70 1
87 129 1
87 68 1
87 112 1
87 31 1
87 86 1
87 59 1
87 30 1
87 81 1
87 20 1
88 0 1
88 74 1
88 124 1
88 12 1
88 35 1
88 19 1
88 14 1
89 125 1
89 34 1
89 44 1
89 98 1
89 109 1
90 37 1
90 120 1
90 56 1
90 24 1
90 63 1
90 96 1
90 101 1
91 126 1
91 69 1
91 59 1
91 93 1
91 50 1
91 49 1
91 83 1
92 7 1
92 129 1
92 50 1
92 16 1
92 116 1
92 0 1
92 12 1
92 104 1
92 66 1
93 95 1
93 51 1
93 97 1
93 48 1
93 74 1
93 5 1
93 15 1
93 33 1
93 17 1
93 114 1
94 40 1
94 124 1
94 104 1
94 8 1
94 129 1
94 116 1
95 42 1
95 102 1
96 91 1
96 5 1
96 111 1
97 55 1
97 37 1
97 110 1
97 52 1
97 45 1
97 122 1
97 8 1
97 76 1
97 99 1
98 33 1
98 42 1
98 52 1
98 73 1
98 71 1
98 121 1
98 103 1
98 7 1
99 110 1
99 84 1
99 83 1
99 31 1
99 80 1
99 69 1
100 94 1
100 80 1
100 50 1
100 15 1
100 104 1
100 10 1
100 125 1
100 39 1
100 105 1
100 32 1
100 66 1
101 82 1
101 69 1
101 99 1
101 91 1
101 23 1
101 72 1
101 3 1
101 98 1
101 122 1
101 96 1
101 113 1
102 44 1
102 59 1
102 40 1
102 30 1
102 69 1
102 84 1
102 28 1
102 109 1
103 106 1
103 88 1
103 86 1
103 78 1
103 30 1
103 72 1
103 57 1
103 91 1
104 78 1
104 88 1
104 39 1
104 121 1
104 87 1
105 86 1
105 51 1
105 104 1
105 70 1
105 21 1
105 42 1
106 35 1
106 100 1
106 41 1
106 3 1
106 87 1
107 48 1
107 31 1
107 102 1
107 30 1
107 92 1
107 49 1
107 118 1
107 7 1
108 17 1
108 62 1
108 10 1
108 9 1
108 23 1
108 83 1
108 88 1
108 47 1
108 111 1
108 32 1
108 103 1
109 14 1
109 55 1
109 15 1
109 11 1
109 60 1
109 106 1
109 86 1
109 103 1
110 5 1
110 64 1
110 23 1
110 85 1
110 108 1
110 71 1
110 72 1
110 102 1
110 28 1
110 121 1
110 39 1
111 96 1
111 70 1
111 87 1
111 94 1
111 38 1
111 68 1
112 27 1
112 121 1
112 50 1
112 60 1
112 24 1
112 29 1
112 28 1
113 115 1
113 48 1
113 127 1
113 51 1
113 11 1
113 62 1
113 86 1
114 68 1
114 23 1
114 7 1
114 85 1
114 77 1
114 123 1
114 86 1
115 57 1
115 50 1
115 96 1
115 66 1
115 77 1
115 9 1
115 38 1
115 42 1
115 113 1
115 22 1
116 82 1
116 2 1
116 29 1
116 97 1
116 93 1
116 38 1
116 75 1
116 87 1
117 68 1
117 7 1
117 1 1
117 50 1
117 38 1
117 79 1
117 27 1
117 6 1
118 99 1
118 77 1
118 69 1
118 13 1
118 5 1
118 50 1
119 12 1
119 71 1
119 84 1
119 6 1
119 38 1
120 97 1
120 91 1
120 9 1
120 94 1
120 11 1
120 42 1
120 79 1
120 26 1
121 29 1
121 107 1
121 32 1
121 62 1
122 53 1
122 4 1
122 12 1
122 2 1
122 129 1
122 113 1
122 108 1
122 100 1
122 42 1
122 86 1
123 26 1
123 86 1
123 59 1
123 91 1
123 23 1
124 91 1
124 6 1
124 43 1
124 19 1
124 92 1
125 64 1
125 54 1
125 87 1
125 99 1
125 8 1
125 89 1
126 59 1
126 26 1
126 122 1
126 100 1
126 28 1
126 63 1
126 71 1
126 72 1
126 94 1
127 28 1
127 94 1
127 87 1
128 73 1
128 106 1
128 48 1
128 122 1
128 95 1
128 24 1
128 35 1
129 48 1
129 109 1
129 65 1
129 113 1
129 31 1
129 120 1
129 79 1
129 116 1
129 128 1
129 35 1
